state	year	so2	pcinc
1	29	0.09721	2285.1
1	30	0.0869	1948.148
1	31	0.07322	1815.182
1	32	0.06295	1490.159
1	33	0.06989	1600
1	34	0.06778	1865.471
1	35	0.06952	1867.365
1	36	0.07547	2141.015
1	37	0.07785	2192.691
1	38	0.06494	2025.316
1	39	0.06929	2099.915
1	40	0.07315	2583.612
1	41	0.08281	2874.903
1	42	0.09019	3620.934
1	43	0.10365	4224.53
1	44	0.10888	4533.086
1	45	0.10656	4651.163
1	46	0.09676	4049.676
1	47	0.10293	3908.158
1	48	0.0966	4083.333
1	49	0.08974	3874.419
1	50	0.08837	4136.364
1	51	0.0714	4480.687
1	52	0.12936	4634.454
1	53	0.12045	4869.748
1	54	0.19606	4674.897
1	55	0.13038	5137.652
1	56	0.12608	5357.143
1	57	0.13139	5434.615
1	58	0.14789	5518.939
1	59	0.1458	5618.519
1	60	0.1367	5618.182
1	61	0.1259	5671.48
1	62	0.13967	5847.518
1	63	0.16149	6080.42
1	64	0.18375	6415.808
1	65	0.21023	6757.576
1	66	0.23907	7009.804
1	67	0.22866	7235.669
1	68	0.25018	7614.679
1	69	0.2556	7985.337
1	70	0.26523	8255.618
1	71	0.27015	8459.893
1	72	0.29733	8951.031
1	73	0.34991	9475.61
1	74	0.31092	9420.354
1	75	0.28793	9527.607
1	76	0.26138	10017.37
1	77	0.24641	10232.85
1	78	0.20111	10653.2
1	79	0.20255	10833.08
1	80	0.19231	10722.69
1	81	0.19922	10853.47
1	82	0.18762	10772.51
1	83	0.18234	10916.47
1	84	0.18899	11458.71
1	85	0.18607	11788.4
1	86	0.18555	12153.13
1	87	0.18056	12287
1	88	0.17549	12524.95
1	89	0.19114	12778.59
1	90	0.18518	12970.41
1	91	0.18283	13042.61
1	92	0.18259	13377.33
1	93	0.18585	13510.27
1	94	0.17541	13863.11
4	29	1.42111	4233.524
4	30	1.31582	3792.593
4	31	1.21658	3481.848
4	32	1.11033	2952.202
4	33	1.01866	2936.585
4	34	0.8972	3183.857
4	35	0.78348	3568.935
4	36	0.91658	3912.296
4	37	1.04205	4119.601
4	38	1.15444	3957.806
4	39	1.24773	4064.352
4	40	1.30574	4632.107
4	41	1.33372	4879.565
4	42	1.24658	6400.283
4	43	1.00654	6437.378
4	44	1.08064	6444.032
4	45	1.13443	6672.63
4	46	1.2392	5977.322
4	47	1.32321	5735.222
4	48	1.38252	6092.593
4	49	1.47741	6027.907
4	50	1.52337	6172.727
4	51	1.49552	6922.747
4	52	1.41403	7176.471
4	53	1.35598	7193.277
4	54	1.31545	6954.733
4	55	1.26909	7060.729
4	56	1.22538	7301.587
4	57	1.18234	7246.154
4	58	1.1509	7098.485
4	59	1.11772	7281.481
4	60	1.09353	7447.273
4	61	1.08493	7555.957
4	62	1.09312	7638.298
4	63	1.11131	7660.839
4	64	1.13862	7890.034
4	65	1.16977	8094.276
4	66	1.19072	8434.641
4	67	1.21226	8754.777
4	68	1.22756	9440.367
4	69	1.22926	10079.18
4	70	1.23151	10609.55
4	71	1.05714	10858.29
4	72	0.96356	11360.82
4	73	0.89388	11792.68
4	74	0.72987	11550.88
4	75	0.59728	11036.81
4	76	0.55016	11380.31
4	77	0.48175	11613.72
4	78	0.35876	12383.84
4	79	0.31838	12879.44
4	80	0.27608	12985.99
4	81	0.26231	13174.81
4	82	0.24063	12744.53
4	83	0.22816	13025.52
4	84	0.22997	13709.82
4	85	0.21926	14199.79
4	86	0.16136	14572.92
4	87	0.09524	14524
4	88	0.10058	14453.93
4	89	0.09814	14308.33
4	90	0.08663	14155.79
4	91	0.0837	13997.49
4	92	0.08422	14163.56
4	93	0.08359	14371.25
4	94	0.08257	14812.84
5	29	0.09666	2184.814
5	30	0.07855	1659.259
5	31	0.06438	1732.673
5	32	0.05283	1443.299
5	33	0.05231	1502.439
5	34	0.05698	1641.256
5	35	0.05768	1780.105
5	36	0.05973	2098.022
5	37	0.06096	2101.329
5	38	0.06172	1915.612
5	39	0.06313	2074.513
5	40	0.06268	2437.291
5	41	0.06685	2626.263
5	42	0.06983	3366.337
5	43	0.07973	3588.579
5	44	0.08235	4223.871
5	45	0.0802	4394.753
5	46	0.06004	4065.875
5	47	0.07695	3605.276
5	48	0.06662	4115.741
5	49	0.04317	3800
5	50	0.04481	3877.273
5	51	0.04971	4124.464
5	52	0.03239	4323.529
5	53	0.03618	4491.597
5	54	0.02204	4427.984
5	55	0.03276	4769.231
5	56	0.03238	4884.921
5	57	0.02697	4796.154
5	58	0.01815	4981.061
5	59	0.01602	5240.741
5	60	0.01564	5116.364
5	61	0.01545	5451.264
5	62	0.01502	5570.922
5	63	0.01428	5772.727
5	64	0.01355	6085.911
5	65	0.01354	6340.067
5	66	0.01398	6830.065
5	67	0.01445	7076.433
5	68	0.01595	7351.682
5	69	0.01683	7624.633
5	70	0.01719	7926.966
5	71	0.02841	8168.449
5	72	0.03631	8659.794
5	73	0.04385	9543.902
5	74	0.03348	9473.451
5	75	0.02902	9294.479
5	76	0.01603	9696.911
5	77	0.01858	9980.144
5	78	0.05419	10702.02
5	79	0.05284	10683.15
5	80	0.0366	10323.53
5	81	0.0542	10673.52
5	82	0.05111	10518.25
5	83	0.04953	10555.68
5	84	0.05126	11219.87
5	85	0.05058	11465.09
5	86	0.05809	11675
5	87	0.04784	11611
5	88	0.04804	11793.67
5	89	0.0493	11971.64
5	90	0.04799	11996.52
5	91	0.04716	12075.19
5	92	0.04632	12529.55
5	93	0.04387	12622.43
5	94	0.04419	13006.19
6	29	0.09584	6955.587
6	30	0.09001	6437.037
6	31	0.07828	6031.353
6	32	0.07296	5285.848
6	33	0.09591	5170.732
6	34	0.07046	5255.605
6	35	0.07353	5610.82
6	36	0.0735	6474.635
6	37	0.07262	6445.183
6	38	0.06941	6345.992
6	39	0.06926	6460.627
6	40	0.06772	7341.137
6	41	0.07543	7715.618
6	42	0.07303	8953.324
6	43	0.08514	9902.661
6	44	0.09503	9672.233
6	45	0.093	9320.215
6	46	0.11153	8893.089
6	47	0.09317	8158.28
6	48	0.06268	8027.778
6	49	0.08898	7986.047
6	50	0.05863	8413.636
6	51	0.05659	8806.867
6	52	0.05242	9151.261
6	53	0.04969	9340.336
6	54	0.04571	9061.728
6	55	0.04554	9534.413
6	56	0.03837	9801.587
6	57	0.03783	9807.692
6	58	0.0315	9723.485
6	59	0.02981	10037.04
6	60	0.02902	10138.18
6	61	0.02796	10274.37
6	62	0.02684	10517.73
6	63	0.02609	10716.78
6	64	0.02647	11123.71
6	65	0.02579	11393.94
6	66	0.02597	11856.21
6	67	0.02594	12257.96
6	68	0.02674	12761.47
6	69	0.02698	13173.02
6	70	0.02728	13320.22
6	71	0.02539	13245.99
6	72	0.0254	13796.39
6	73	0.02555	14209.76
6	74	0.02401	14210.18
6	75	0.02194	14179.96
6	76	0.02886	14731.66
6	77	0.03432	15054.15
6	78	0.023	15764.31
6	79	0.02255	16265.84
6	80	0.02298	16359.94
6	81	0.00915	16501.29
6	82	0.00844	16313.87
6	83	0.00805	16367.75
6	84	0.00822	17157.37
6	85	0.00795	17522.02
6	86	0.0077	17791.67
6	87	0.00765	17828
6	88	0.00818	17949.14
6	89	0.00818	17950.59
6	90	0.00781	17975.63
6	91	0.00739	17441.1
6	92	0.00725	17526.32
6	93	0.0071	17293.84
6	94	0.00649	17287.7
8	29	0.1022	4491.404
8	30	0.08847	4229.63
8	31	0.0748	3844.884
8	32	0.06379	3270.853
8	33	0.06442	3385.366
8	34	0.06791	3255.605
8	35	0.06958	3821.99
8	36	0.07157	4600.172
8	37	0.07428	4368.771
8	38	0.07554	4219.409
8	39	0.07767	4318.374
8	40	0.07832	4811.873
8	41	0.07941	4980.575
8	42	0.07857	6265.912
8	43	0.07886	6670.993
8	44	0.07785	6542.981
8	45	0.07382	7048.301
8	46	0.05813	6484.881
8	47	0.06838	6570.591
8	48	0.06171	6666.667
8	49	0.04692	6600
8	50	0.0486	6863.636
8	51	0.05068	7652.361
8	52	0.04285	7852.941
8	53	0.04138	7584.034
8	54	0.03183	7263.374
8	55	0.03589	7538.462
8	56	0.03458	7742.063
8	57	0.03786	8057.692
8	58	0.05212	8128.788
8	59	0.05111	8348.148
8	60	0.04631	8472.727
8	61	0.04647	8689.531
8	62	0.04919	8716.312
8	63	0.05326	8832.168
8	64	0.05771	9024.055
8	65	0.06309	9414.141
8	66	0.05685	9741.83
8	67	0.05304	10031.85
8	68	0.04708	10348.62
8	69	0.0428	10780.06
8	70	0.03816	11292.13
8	71	0.03956	11665.78
8	72	0.04323	12175.26
8	73	0.0513	12773.17
8	74	0.04427	12758.85
8	75	0.04073	12717.79
8	76	0.04342	13090.73
8	77	0.04192	13427.8
8	78	0.05067	14099.33
8	79	0.05235	14533.23
8	80	0.0491	14868.35
8	81	0.03635	15365.04
8	82	0.03335	15521.9
8	83	0.03174	15513.92
8	84	0.03268	15945.31
8	85	0.03195	15873.25
8	86	0.0306	15688.54
8	87	0.02936	15499
8	88	0.0323	15873.32
8	89	0.03153	16255.26
8	90	0.03271	16374.24
8	91	0.0307	16494.57
8	92	0.03147	16688.26
8	93	0.02938	17030.02
8	94	0.02894	17262.18
9	29	0.11294	7249.284
9	30	0.09921	6748.148
9	31	0.08291	6518.152
9	32	0.07025	5707.591
9	33	0.07003	5580.488
9	34	0.07636	5766.816
9	35	0.07684	6073.298
9	36	0.08135	6835.77
9	37	0.08761	7043.189
9	38	0.08194	6388.186
9	39	0.08077	6977.138
9	40	0.08598	8168.896
9	41	0.09467	8780.109
9	42	0.10012	9915.134
9	43	0.1088	10233.61
9	44	0.10946	9802.103
9	45	0.10644	9260.584
9	46	0.06742	8455.724
9	47	0.09842	8241.329
9	48	0.10371	7833.333
9	49	0.06186	7627.907
9	50	0.08587	8481.818
9	51	0.07612	9163.09
9	52	0.08682	9550.42
9	53	0.07714	9966.387
9	54	0.09095	9600.823
9	55	0.07104	9967.611
9	56	0.07984	10595.24
9	57	0.08012	10746.15
9	58	0.10368	10287.88
9	59	0.10074	10444.44
9	60	0.09425	10585.45
9	61	0.09055	10942.24
9	62	0.09274	11209.22
9	63	0.09634	11328.67
9	64	0.09929	11666.67
9	65	0.10493	12077.44
9	66	0.08605	12686.27
9	67	0.0966	13439.49
9	68	0.09211	13654.43
9	69	0.09368	14123.17
9	70	0.09245	14160.11
9	71	0.05273	14000
9	72	0.02548	14505.15
9	73	0.00308	15051.22
9	74	0.01829	14789.82
9	75	0.02061	14509.2
9	76	0.01835	14959.46
9	77	0.01489	15425.99
9	78	0.02329	16031.99
9	79	0.02232	16585.78
9	80	0.01898	17044.82
9	81	0.02794	17363.75
9	82	0.02628	17631.39
9	83	0.0254	17877.03
9	84	0.02631	19081.47
9	85	0.02587	19621.91
9	86	0.0269	20494.79
9	87	0.02405	21235
9	88	0.0276	22226.49
9	89	0.02878	22459.29
9	90	0.02537	22129.68
9	91	0.02458	21641.6
9	92	0.02038	22084.21
9	93	0.01836	22186.41
9	94	0.0167	22462.49
10	29	0.05509	7320.917
10	30	0.05022	6288.889
10	31	0.04958	6320.132
10	32	0.04898	5473.29
10	33	0.04838	5443.902
10	34	0.048	5713.004
10	35	0.04762	6055.846
10	36	0.04348	7394.669
10	37	0.04725	7799.003
10	38	0.05836	6607.595
10	39	0.04942	7502.117
10	40	0.047	8507.525
10	41	0.05331	8927.739
10	42	0.05984	9016.973
10	43	0.0639	9396.496
10	44	0.06682	9220.779
10	45	0.04965	9033.989
10	46	0.06476	8385.529
10	47	0.05053	8050.806
10	48	0.0766	7634.259
10	49	0.09282	8218.605
10	50	0.10194	9240.909
10	51	0.08566	9128.755
10	52	0.12864	9331.933
10	53	0.11838	9756.303
10	54	0.16563	9423.868
10	55	0.11359	10089.07
10	56	0.11018	10841.27
10	57	0.13596	10096.15
10	58	0.23566	9992.424
10	59	0.23235	10055.56
10	60	0.20247	10160
10	61	0.19453	10151.62
10	62	0.19707	10365.25
10	63	0.20115	10646.85
10	64	0.20489	11024.05
10	65	0.21395	11717.17
10	66	0.17536	11833.33
10	67	0.18499	12114.65
10	68	0.15943	12571.87
10	69	0.15361	12961.88
10	70	0.14012	12907.3
10	71	0.13276	12973.26
10	72	0.1242	13492.27
10	73	0.09063	14085.37
10	74	0.09821	13743.36
10	75	0.09021	13451.94
10	76	0.1726	13861
10	77	0.24038	13983.75
10	78	0.10236	14168.35
10	79	0.13343	14210.2
10	80	0.16169	14504.2
10	81	0.01265	14529.56
10	82	0.01188	14637.47
10	83	0.01145	14841.07
10	84	0.01179	15334.82
10	85	0.01156	15793.77
10	86	0.01373	16188.54
10	87	0.01407	16365
10	88	0.01296	16847.41
10	89	0.014	17261.67
10	90	0.01142	17161.88
10	91	0.00942	17041.77
10	92	0.00828	17261.54
10	93	0.00926	17415.48
10	94	0.00952	17799.69
12	29	0.12874	3653.295
12	30	0.12714	3407.407
12	31	0.11518	3217.822
12	32	0.10848	2914.714
12	33	0.13014	2741.463
12	34	0.10599	3049.327
12	35	0.10912	3211.169
12	36	0.11328	3800.516
12	37	0.11236	3961.794
12	38	0.09711	3797.468
12	39	0.09802	4106.689
12	40	0.0975	4531.773
12	41	0.10737	4654.235
12	42	0.10929	5480.905
12	43	0.11105	6450.357
12	44	0.11751	6802.721
12	45	0.11857	6923.077
12	46	0.10832	6231.102
12	47	0.12341	5632.633
12	48	0.12133	5486.111
12	49	0.1013	5562.791
12	50	0.10481	5877.273
12	51	0.11311	5905.579
12	52	0.10619	6138.655
12	53	0.10702	6521.008
12	54	0.09609	6382.716
12	55	0.10064	6732.794
12	56	0.08533	7067.46
12	57	0.08414	7023.077
12	58	0.08314	7117.424
12	59	0.07982	7418.519
12	60	0.07447	7323.636
12	61	0.07336	7332.13
12	62	0.07793	7457.447
12	63	0.08226	7657.343
12	64	0.08141	8034.364
12	65	0.08728	8404.04
12	66	0.09152	8784.314
12	67	0.09053	9305.732
12	68	0.09538	9990.826
12	69	0.09625	10624.63
12	70	0.09777	11078.65
12	71	0.10154	11291.44
12	72	0.10876	11935.57
12	73	0.11941	12570.73
12	74	0.10085	12230.09
12	75	0.09142	11895.71
12	76	0.11005	12108.11
12	77	0.12085	12409.75
12	78	0.08908	13082.49
12	79	0.09458	13404.95
12	80	0.09651	13774.51
12	81	0.06655	14069.41
12	82	0.06111	13991.48
12	83	0.05798	14342.23
12	84	0.05879	14792.41
12	85	0.05659	15232.01
12	86	0.06126	15647.92
12	87	0.06844	15798
12	88	0.06865	15994.24
12	89	0.06493	16507.78
12	90	0.05937	16351.61
12	91	0.0643	16033.42
12	92	0.065	15917.41
12	93	0.06274	16424.17
12	94	0.05953	16744.78
13	29	0.0689	2449.857
13	30	0.06152	2229.63
13	31	0.05163	2070.957
13	32	0.04395	1827.554
13	33	0.0461	1951.22
13	34	0.04723	2152.466
13	35	0.04907	2303.665
13	36	0.05037	2562.339
13	37	0.05038	2558.14
13	38	0.04658	2405.063
13	39	0.04743	2574.09
13	40	0.04802	2997.492
13	41	0.05295	3209.013
13	42	0.05722	3967.468
13	43	0.06302	4652.823
13	44	0.06586	5095.857
13	45	0.06534	5199.761
13	46	0.05472	4524.838
13	47	0.06334	4294.089
13	48	0.06313	4564.815
13	49	0.05198	4493.023
13	50	0.05464	4831.818
13	51	0.05115	5154.506
13	52	0.0577	5357.143
13	53	0.05635	5558.824
13	54	0.06453	5341.564
13	55	0.05596	5744.939
13	56	0.05355	5928.571
13	57	0.05396	5838.462
13	58	0.05684	5962.121
13	59	0.05558	6129.63
13	60	0.05278	6149.091
13	61	0.04988	6267.148
13	62	0.05448	6489.362
13	63	0.06107	6800.699
13	64	0.06664	7099.656
13	65	0.07512	7555.556
13	66	0.0822	7996.732
13	67	0.0799	8414.013
13	68	0.08493	8779.817
13	69	0.08599	9237.537
13	70	0.08855	9474.719
13	71	0.09475	9673.797
13	72	0.11515	10306.7
13	73	0.16275	10851.22
13	74	0.13453	10663.72
13	75	0.12472	10435.58
13	76	0.12852	10866.8
13	77	0.12934	11064.98
13	78	0.13167	11597.64
13	79	0.14519	11768.16
13	80	0.142	11698.88
13	81	0.2138	11937.02
13	82	0.19879	12023.11
13	83	0.19097	12418.79
13	84	0.19523	13364.96
13	85	0.18908	13817.4
13	86	0.17409	14372.92
13	87	0.16691	14545
13	88	0.16033	14860.84
13	89	0.14838	14867.34
13	90	0.15243	14902.52
13	91	0.1377	14741.02
13	92	0.1336	14976.52
13	93	0.119	15200.63
13	94	0.11239	15621.04
16	29	0.19018	3595.989
16	30	0.18347	3681.481
16	31	0.16737	3052.805
16	32	0.15468	2530.459
16	33	0.14653	2195.122
16	34	0.14376	3560.538
16	35	0.13723	3446.771
16	36	0.14749	4049.871
16	37	0.15583	3488.372
16	38	0.15984	3552.743
16	39	0.1708	3657.917
16	40	0.17885	4272.575
16	41	0.18757	4584.305
16	42	0.1974	6407.355
16	43	0.1939	6593.121
16	44	0.18198	6728.51
16	45	0.18009	6720.334
16	46	0.17075	6452.484
16	47	0.18956	6204.201
16	48	0.19048	6208.333
16	49	0.17827	5920.93
16	50	0.18786	6036.364
16	51	0.19789	6412.017
16	52	0.17614	6882.353
16	53	0.17952	6495.798
16	54	0.1498	6386.831
16	55	0.1696	6429.15
16	56	0.14967	6813.492
16	57	0.13454	6819.231
16	58	0.11417	6863.636
16	59	0.10092	6992.593
16	60	0.08784	6880
16	61	0.1078	7104.693
16	62	0.12925	7382.979
16	63	0.15386	7541.958
16	64	0.17883	7683.849
16	65	0.19981	8552.189
16	66	0.16416	8411.765
16	67	0.13974	8745.223
16	68	0.10701	8840.979
16	69	0.0773	9360.704
16	70	0.04762	9724.719
16	71	0.04625	9836.898
16	72	0.04672	10435.57
16	73	0.04965	11243.9
16	74	0.04102	11615.04
16	75	0.03535	11098.16
16	76	0.03015	11521.24
16	77	0.02492	11413.36
16	78	0.03576	11956.23
16	79	0.03343	11846.99
16	80	0.0281	11810.92
16	81	0.04013	11697.94
16	82	0.0374	11302.92
16	83	0.03613	11684.45
16	84	0.03728	11877.23
16	85	0.03679	11929.11
16	86	0.03468	12031.25
16	87	0.03541	12028
16	88	0.03763	12332.05
16	89	0.0369	13102.47
16	90	0.03642	13316.8
16	91	0.035	13229.74
16	92	0.03561	13552.23
16	93	0.03344	13994.47
16	94	0.03259	14235.11
17	29	0.39803	6704.871
17	30	0.35849	5903.704
17	31	0.3028	5453.795
17	32	0.25905	4489.222
17	33	0.26439	4195.122
17	34	0.27985	4457.399
17	35	0.28616	4938.918
17	36	0.31776	5520.206
17	37	0.33197	5996.678
17	38	0.27331	5383.966
17	39	0.29754	5876.376
17	40	0.32269	6576.087
17	41	0.37455	6829.837
17	42	0.41593	7241.867
17	43	0.48365	8072.68
17	44	0.4892	8497.217
17	45	0.47223	8658.318
17	46	0.37898	8201.944
17	47	0.43582	7923.791
17	48	0.39235	8328.704
17	49	0.31027	7772.093
17	50	0.32207	8259.091
17	51	0.32577	8639.485
17	52	0.2955	8731.092
17	53	0.29416	9231.092
17	54	0.25917	8917.695
17	55	0.27619	9149.798
17	56	0.28387	9686.508
17	57	0.26181	9653.846
17	58	0.22575	9469.697
17	59	0.22122	9755.556
17	60	0.22633	9767.273
17	61	0.22131	10018.05
17	62	0.22187	10230.5
17	63	0.22645	10367.13
17	64	0.23063	10704.47
17	65	0.23728	11279.46
17	66	0.23644	11728.76
17	67	0.23291	12047.77
17	68	0.23407	12354.74
17	69	0.23365	12733.14
17	70	0.23316	12808.99
17	71	0.21682	12970.59
17	72	0.21223	13479.38
17	73	0.19647	14290.24
17	74	0.19949	14170.35
17	75	0.18782	14118.61
17	76	0.17101	14540.54
17	77	0.15854	14938.63
17	78	0.14825	15393.94
17	79	0.13926	15576.51
17	80	0.13145	15231.09
17	81	0.12946	15483.29
17	82	0.12234	15248.18
17	83	0.11931	15155.45
17	84	0.1242	15962.05
17	85	0.12306	16193.34
17	86	0.12153	16556.25
17	87	0.10815	16681
17	88	0.11211	17010.56
17	89	0.10672	17448.31
17	90	0.11066	17544.82
17	91	0.10553	17227.23
17	92	0.10462	17629.96
17	93	0.09924	17798.58
17	94	0.10105	18257.54
18	29	0.44488	4305.158
18	30	0.39363	3762.963
18	31	0.32632	3564.356
18	32	0.27309	2858.482
18	33	0.28054	2829.268
18	34	0.29798	3174.888
18	35	0.30645	3630.017
18	36	0.33695	4092.863
18	37	0.34858	4493.355
18	38	0.29236	3932.489
18	39	0.31467	4335.309
18	40	0.33568	5133.779
18	41	0.38321	5563.326
18	42	0.42054	6400.283
18	43	0.47934	7313.433
18	44	0.48488	7353.123
18	45	0.46759	7406.082
18	46	0.37248	6447.084
18	47	0.42577	6360.528
18	48	0.38569	6708.333
18	49	0.3033	6306.977
18	50	0.31692	6909.091
18	51	0.30328	7321.888
18	52	0.3034	7445.378
18	53	0.29807	8142.857
18	54	0.29777	7415.638
18	55	0.28333	7700.405
18	56	0.275	7948.413
18	57	0.27776	7838.462
18	58	0.29981	7613.636
18	59	0.29704	7877.778
18	60	0.28491	8003.636
18	61	0.27406	8075.812
18	62	0.28413	8460.993
18	63	0.29748	8650.35
18	64	0.31171	8945.017
18	65	0.32917	9575.758
18	66	0.36595	9898.693
18	67	0.34597	10006.37
18	68	0.37006	10351.68
18	69	0.37248	10785.92
18	70	0.3811	10575.84
18	71	0.37038	10836.9
18	72	0.38552	11319.59
18	73	0.4106	12273.17
18	74	0.38808	11838.5
18	75	0.36599	11717.79
18	76	0.3829	12366.8
18	77	0.38342	12756.32
18	78	0.32486	13222.22
18	79	0.35677	13336.94
18	80	0.36006	12906.16
18	81	0.39863	12973.01
18	82	0.37692	12644.77
18	83	0.36829	12661.25
18	84	0.38291	13416.29
18	85	0.37893	13572.5
18	86	0.35082	13925
18	87	0.35263	14063
18	88	0.35253	14309.98
18	89	0.36072	14612.99
18	90	0.35702	14635.34
18	91	0.33682	14441.1
18	92	0.29402	14912.55
18	93	0.30137	15180.88
18	94	0.30485	15670.53
19	29	0.3041	4104.585
19	30	0.25862	3725.926
19	31	0.20746	3250.825
19	32	0.16794	2736.645
19	33	0.17393	2429.268
19	34	0.18845	2376.682
19	35	0.19455	3656.195
19	36	0.20728	3336.199
19	37	0.21299	4285.714
19	38	0.19245	3814.346
19	39	0.19917	3962.743
19	40	0.20393	4469.064
19	41	0.23507	4669.775
19	42	0.26175	5841.584
19	43	0.3007	6580.143
19	44	0.30691	6147.186
19	45	0.2949	6451.998
19	46	0.24204	6663.067
19	47	0.27402	5886.663
19	48	0.25172	7583.333
19	49	0.20642	6293.023
19	50	0.21032	6959.091
19	51	0.22831	7021.459
19	52	0.16346	7231.092
19	53	0.17227	6949.58
19	54	0.09245	7349.794
19	55	0.15573	6732.794
19	56	0.15799	6948.413
19	57	0.15003	7430.769
19	58	0.13692	7518.939
19	59	0.1351	7496.296
19	60	0.13666	7476.364
19	61	0.13413	7844.765
19	62	0.1366	8067.376
19	63	0.14147	8475.524
19	64	0.1469	8721.649
19	65	0.15284	9515.152
19	66	0.14315	9993.464
19	67	0.14401	9843.949
19	68	0.1379	10094.8
19	69	0.13603	10530.79
19	70	0.13207	10660.11
19	71	0.12285	10542.78
19	72	0.1194	11288.66
19	73	0.107	12900
19	74	0.10997	12112.83
19	75	0.10341	12364.01
19	76	0.10847	12380.31
19	77	0.10881	12781.59
19	78	0.13461	13819.87
19	79	0.11963	13669.24
19	80	0.11041	13089.64
19	81	0.09626	13646.53
19	82	0.09145	13127.74
19	83	0.0896	12772.62
19	84	0.09369	13447.54
19	85	0.09368	13506.98
19	86	0.10005	13759.38
19	87	0.10491	13936
19	88	0.10565	13754.32
19	89	0.10292	14315.65
19	90	0.10027	14520.45
19	91	0.09643	14278.2
19	92	0.09571	14791.9
19	93	0.093	14543.44
19	94	0.09016	15604.02
20	29	0.22499	3746.418
20	30	0.18483	3392.593
20	31	0.14405	3234.323
20	32	0.11259	2446.111
20	33	0.12146	2400
20	34	0.12901	2520.179
20	35	0.13463	3097.731
20	36	0.13645	3267.412
20	37	0.13795	3488.372
20	38	0.13734	3172.996
20	39	0.13923	3175.275
20	40	0.13978	3837.793
20	41	0.15487	4219.114
20	42	0.16549	5947.666
20	43	0.17492	6703.439
20	44	0.18028	7161.41
20	45	0.17996	6881.336
20	46	0.13894	6069.114
20	47	0.16928	6336.102
20	48	0.14335	6222.222
20	49	0.10067	6013.953
20	50	0.10523	6636.364
20	51	0.11524	6862.661
20	52	0.07237	7655.462
20	53	0.07814	7289.916
20	54	0.0258	7353.909
20	55	0.06628	7076.923
20	56	0.06412	7206.349
20	57	0.06112	7346.154
20	58	0.05047	7962.121
20	59	0.0493	7818.519
20	60	0.05034	7880
20	61	0.04993	8039.711
20	62	0.04766	8159.574
20	63	0.04606	8307.692
20	64	0.0452	8608.247
20	65	0.04247	9030.303
20	66	0.05096	9434.641
20	67	0.04822	9662.42
20	68	0.05343	9972.477
20	69	0.05455	10296.19
20	70	0.05685	10567.42
20	71	0.06468	10922.46
20	72	0.07637	11726.8
20	73	0.09827	12651.22
20	74	0.08371	12400.44
20	75	0.07744	12382.41
20	76	0.08299	12739.38
20	77	0.08845	12913.36
20	78	0.09733	13319.87
20	79	0.11545	14009.27
20	80	0.11294	13766.11
20	81	0.08536	14182.52
20	82	0.08	14306.57
20	83	0.07744	14143.85
20	84	0.08036	14636.16
20	85	0.07941	14873.25
20	86	0.06446	15075
20	87	0.07875	15017
20	88	0.0667	15113.24
20	89	0.05947	15003.66
20	90	0.05498	15354.22
20	91	0.04947	15247.28
20	92	0.04537	15591.9
20	93	0.04641	15703
20	94	0.04572	16057.23
21	29	0.16618	2779.37
21	30	0.15709	2377.778
21	31	0.13308	2367.987
21	32	0.11435	1949.391
21	33	0.11674	1970.732
21	34	0.12197	2062.78
21	35	0.1241	2277.487
21	36	0.13802	2502.15
21	37	0.14369	2799.003
21	38	0.11606	2472.574
21	39	0.12635	2548.688
21	40	0.1364	2888.796
21	41	0.1617	3030.303
21	42	0.18415	3769.448
21	43	0.21656	4503.569
21	44	0.22338	4712.43
21	45	0.21345	4758.497
21	46	0.17023	4433.045
21	47	0.20122	4191.5
21	48	0.18223	4592.593
21	49	0.13972	4353.488
21	50	0.14274	4490.909
21	51	0.12068	4935.622
21	52	0.19171	5180.672
21	53	0.18034	5466.387
21	54	0.26913	5283.951
21	55	0.19068	5425.101
21	56	0.1886	5674.603
21	57	0.18983	5707.692
21	58	0.19824	5818.182
21	59	0.19496	5918.519
21	60	0.18791	5901.818
21	61	0.17749	6194.946
21	62	0.1914	6393.617
21	63	0.21518	6587.413
21	64	0.23824	6694.158
21	65	0.26883	7101.01
21	66	0.35378	7513.072
21	67	0.31979	7856.688
21	68	0.37335	8180.428
21	69	0.38663	8583.578
21	70	0.41002	8814.607
21	71	0.39355	8914.439
21	72	0.40871	9402.062
21	73	0.43416	9941.463
21	74	0.40655	10035.4
21	75	0.37773	9912.065
21	76	0.37101	10355.21
21	77	0.36175	10817.69
21	78	0.37347	11196.97
21	79	0.33195	11431.22
21	80	0.30772	11275.91
21	81	0.24484	11475.58
21	82	0.23012	11400.24
21	83	0.22349	11091.65
21	84	0.23264	11781.25
21	85	0.23032	11792.7
21	86	0.22718	11958.33
21	87	0.22231	12015
21	88	0.23922	12237.04
21	89	0.27297	12585.54
21	90	0.27576	12834.64
21	91	0.26333	12889.72
21	92	0.26908	13313.36
21	93	0.28826	13338.86
21	94	0.2777	13730.09
22	29	0.14383	2915.473
22	30	0.12163	2585.185
22	31	0.09744	2574.257
22	32	0.08213	2202.437
22	33	0.10605	2156.098
22	34	0.08765	2322.87
22	35	0.09381	2469.459
22	36	0.09306	2785.899
22	37	0.09217	2873.754
22	38	0.09102	2869.198
22	39	0.0891	2980.525
22	40	0.08535	3315.217
22	41	0.08788	3426.573
22	42	0.09186	4130.127
22	43	0.09975	5035.691
22	44	0.10792	5361.781
22	45	0.11097	5253.429
22	46	0.09862	4449.244
22	47	0.10831	4269.663
22	48	0.08806	4685.185
22	49	0.07914	4962.791
22	50	0.07045	5050
22	51	0.07243	5163.09
22	52	0.05843	5336.134
22	53	0.06017	5621.849
22	54	0.04909	5489.712
22	55	0.05651	5635.628
22	56	0.05425	5932.54
22	57	0.05187	6192.308
22	58	0.04579	6189.394
22	59	0.04509	6244.444
22	60	0.04566	6141.818
22	61	0.04577	6274.368
22	62	0.04516	6379.433
22	63	0.04492	6650.35
22	64	0.04476	6859.107
22	65	0.04428	7178.451
22	66	0.04405	7584.967
22	67	0.04493	8019.108
22	68	0.04617	8363.914
22	69	0.04719	8425.22
22	70	0.04784	8612.36
22	71	0.0568	8770.053
22	72	0.06501	9123.711
22	73	0.07367	9609.756
22	74	0.0623	9831.858
22	75	0.0559	9969.325
22	76	0.14935	10561.78
22	77	0.2371	10886.28
22	78	0.0795	11506.73
22	79	0.0836	11843.89
22	80	0.09352	12145.66
22	81	0.10062	12676.09
22	82	0.0934	12587.59
22	83	0.09009	12308.58
22	84	0.0937	12524.55
22	85	0.09257	12496.24
22	86	0.0823	12086.46
22	87	0.08815	11742
22	88	0.09332	12061.42
22	89	0.0984	12126.26
22	90	0.09613	12429.07
22	91	0.10049	12597.33
22	92	0.09823	12807.29
22	93	0.10024	13076.62
22	94	0.10066	13623.36
23	29	0.11545	4255.014
23	30	0.10751	4207.407
23	31	0.09168	3993.399
23	32	0.07853	3477.038
23	33	0.07794	3570.732
23	34	0.08444	3677.13
23	35	0.08494	3699.825
23	36	0.08334	4307.825
23	37	0.09265	4177.741
23	38	0.09608	3924.051
23	39	0.08864	4132.091
23	40	0.09278	4644.649
23	41	0.10361	4840.715
23	42	0.11448	5997.171
23	43	0.12871	7086.308
23	44	0.13119	6759.431
23	45	0.12521	6380.441
23	46	0.08327	6074.514
23	47	0.11828	5661.944
23	48	0.1077	5685.185
23	49	0.04756	5465.116
23	50	0.06446	5404.545
23	51	0.07108	5643.777
23	52	0.05479	6016.807
23	53	0.05689	6067.227
23	54	0.04792	5942.387
23	55	0.05281	6380.567
23	56	0.06099	6599.206
23	57	0.05711	6588.462
23	58	0.05993	6765.152
23	59	0.05983	6811.111
23	60	0.05943	6930.909
23	61	0.05908	6819.495
23	62	0.06299	6971.631
23	63	0.06589	7104.895
23	64	0.06671	7539.519
23	65	0.07022	7989.899
23	66	0.07187	8274.51
23	67	0.07426	8458.599
23	68	0.08073	8779.817
23	69	0.0846	9175.953
23	70	0.08806	9553.371
23	71	0.07663	9550.802
23	72	0.07367	9873.711
23	73	0.07324	10441.46
23	74	0.07297	10393.81
23	75	0.06809	10118.61
23	76	0.04376	10835.91
23	77	0.01901	10870.04
23	78	0.06729	11131.31
23	79	0.06498	11323.03
23	80	0.05573	11509.8
23	81	0.07377	11637.53
23	82	0.06935	11743.31
23	83	0.06708	12034.8
23	84	0.06918	12707.59
23	85	0.06806	13084.85
23	86	0.07375	13811.46
23	87	0.0693	14270
23	88	0.07486	14735.12
23	89	0.07178	15065.87
23	90	0.06768	14829.42
23	91	0.07297	14456.14
23	92	0.06566	14644.53
23	93	0.06401	14760.66
23	94	0.06439	15067.29
24	29	0.12772	5401.146
24	30	0.12226	5162.963
24	31	0.1062	5148.515
24	32	0.09654	4676.664
24	33	0.11333	4439.024
24	34	0.09883	4573.991
24	35	0.10238	4677.138
24	36	0.11233	5210.662
24	37	0.12031	5415.282
24	38	0.10305	5223.629
24	39	0.10651	5495.343
24	40	0.11422	6295.987
24	41	0.13047	6658.897
24	42	0.13961	7793.494
24	43	0.15222	8241.402
24	44	0.15395	8095.238
24	45	0.1451	7734.049
24	46	0.13269	7003.24
24	47	0.14026	6526.624
24	48	0.12538	6805.556
24	49	0.112	6809.302
24	50	0.10713	7313.636
24	51	0.10453	7643.777
24	52	0.09483	8025.21
24	53	0.09226	8352.941
24	54	0.08003	7864.198
24	55	0.08394	8170.04
24	56	0.08614	8527.778
24	57	0.0863	8561.538
24	58	0.09893	8424.242
24	59	0.09633	8488.889
24	60	0.09114	8629.091
24	61	0.08471	8920.578
24	62	0.08863	9212.766
24	63	0.09574	9367.133
24	64	0.10419	9745.704
24	65	0.1134	10158.25
24	66	0.11446	10601.31
24	67	0.1128	11082.8
24	68	0.11645	11593.27
24	69	0.11732	12193.55
24	70	0.11816	12626.4
24	71	0.10573	12759.36
24	72	0.09487	13280.93
24	73	0.06564	13892.68
24	74	0.07558	13734.51
24	75	0.07076	13613.5
24	76	0.05383	14057.92
24	77	0.05579	14187.73
24	78	0.07712	14702.02
24	79	0.08679	14938.18
24	80	0.08092	15159.66
24	81	0.0786	15415.17
24	82	0.07379	15558.39
24	83	0.07136	15935.03
24	84	0.07342	16893.97
24	85	0.07188	17532.76
24	86	0.07493	18155.21
24	87	0.08015	18508
24	88	0.08133	18908.83
24	89	0.08384	19309.24
24	90	0.07855	19225.41
24	91	0.07306	18781.12
24	92	0.07194	18793.52
24	93	0.07439	18891.79
24	94	0.07245	19216.55
25	29	0.09767	6418.338
25	30	0.08307	6125.926
25	31	0.07014	6188.119
25	32	0.05964	5670.103
25	33	0.06048	5375.61
25	34	0.06434	5390.135
25	35	0.0654	5541.012
25	36	0.06752	6070.507
25	37	0.06999	6004.983
25	38	0.06666	5594.937
25	39	0.06739	6054.191
25	40	0.06959	6709.866
25	41	0.07446	6915.307
25	42	0.0796	7510.608
25	43	0.08769	8111.616
25	44	0.08695	7971.552
25	45	0.08566	7978.533
25	46	0.04982	7483.801
25	47	0.08288	6956.522
25	48	0.08182	6907.407
25	49	0.04441	6809.302
25	50	0.06285	7440.909
25	51	0.05911	7725.322
25	52	0.06356	7886.555
25	53	0.05793	8113.445
25	54	0.0627	7884.774
25	55	0.05515	8327.935
25	56	0.07102	8654.762
25	57	0.0637	8773.077
25	58	0.07522	8731.061
25	59	0.07401	8951.852
25	60	0.07221	9076.364
25	61	0.07274	9353.791
25	62	0.07761	9634.752
25	63	0.08107	9734.266
25	64	0.0793	10030.93
25	65	0.08477	10430.98
25	66	0.07925	10895.42
25	67	0.08593	11464.97
25	68	0.0904	11990.83
25	69	0.095	12454.55
25	70	0.098	12682.58
25	71	0.06121	12756.68
25	72	0.04141	13221.65
25	73	0.02377	13570.73
25	74	0.04416	13347.35
25	75	0.04545	13179.96
25	76	0.07415	13490.35
25	77	0.10099	13754.51
25	78	0.06911	14252.53
25	79	0.06718	14602.78
25	80	0.05739	14928.57
25	81	0.05793	15173.52
25	82	0.05463	15510.95
25	83	0.05295	15981.44
25	84	0.05474	17104.91
25	85	0.05381	17640.17
25	86	0.05821	18537.5
25	87	0.05438	19066
25	88	0.0562	19949.14
25	89	0.05597	19842.63
25	90	0.05023	19362.05
25	91	0.05156	19017.54
25	92	0.04681	19086.64
25	93	0.03637	19281.99
25	94	0.03385	19805.88
26	29	0.21108	5580.229
26	30	0.20027	4792.593
26	31	0.17525	4389.439
26	32	0.15481	3636.364
26	33	0.15563	3336.585
26	34	0.15986	4000
26	35	0.15958	4563.7
26	36	0.17858	5262.253
26	37	0.18541	5614.618
26	38	0.14754	4759.494
26	39	0.1594	5224.386
26	40	0.17016	6003.344
26	41	0.18817	6363.636
26	42	0.20308	7347.949
26	43	0.22978	8702.141
26	44	0.22662	8528.139
26	45	0.21592	7841.383
26	46	0.17807	7122.03
26	47	0.1975	7107.963
26	48	0.18599	7129.63
26	49	0.15419	6995.349
26	50	0.1613	7695.455
26	51	0.15985	8025.751
26	52	0.15909	8222.689
26	53	0.15547	9117.647
26	54	0.15308	8403.292
26	55	0.14768	8910.931
26	56	0.14366	8880.952
26	57	0.14553	8723.077
26	58	0.15747	8340.909
26	59	0.15521	8544.444
26	60	0.14984	8647.273
26	61	0.14429	8527.076
26	62	0.15058	8929.078
26	63	0.16019	9248.252
26	64	0.17076	9810.997
26	65	0.18184	10488.22
26	66	0.19366	10908.5
26	67	0.18529	10949.04
26	68	0.194	11550.46
26	69	0.19438	11897.36
26	70	0.19682	11592.7
26	71	0.18234	11901.07
26	72	0.17576	12654.64
26	73	0.15513	13365.85
26	74	0.15791	12920.35
26	75	0.14793	12601.23
26	76	0.13014	13449.81
26	77	0.12364	14142.6
26	78	0.12445	14654.88
26	79	0.10634	14732.61
26	80	0.09313	14221.29
26	81	0.06341	14011.57
26	82	0.06044	13597.32
26	83	0.05931	13850.35
26	84	0.06174	14716.52
26	85	0.06093	15277.12
26	86	0.06373	15733.33
26	87	0.06699	15607
26	88	0.06329	15836.85
26	89	0.06024	16053.06
26	90	0.05642	15872.06
26	91	0.0559	15624.9
26	92	0.05293	15984.62
26	93	0.0532	16271.72
26	94	0.05507	17148.49
27	29	0.17732	4240.688
27	30	0.15491	4037.037
27	31	0.12316	3721.122
27	32	0.09864	3355.201
27	33	0.101	2965.854
27	34	0.10946	3165.919
27	35	0.11263	3883.072
27	36	0.11413	4015.477
27	37	0.11509	4435.216
27	38	0.1101	4109.705
27	39	0.11113	4326.842
27	40	0.11015	4678.094
27	41	0.12698	4724.165
27	42	0.14156	5579.915
27	43	0.16017	6093.446
27	44	0.16424	6171.923
27	45	0.15771	6565.295
27	46	0.10721	6371.49
27	47	0.14414	6155.349
27	48	0.12029	6675.926
27	49	0.0696	6139.535
27	50	0.07643	6500
27	51	0.08233	6759.657
27	52	0.05929	6819.328
27	53	0.06199	7142.857
27	54	0.03352	7049.383
27	55	0.05507	7190.283
27	56	0.05928	7242.063
27	57	0.063	7365.385
27	58	0.08874	7590.909
27	59	0.08804	7600
27	60	0.08021	7781.818
27	61	0.07782	8010.83
27	62	0.0778	8198.582
27	63	0.07918	8534.965
27	64	0.08114	8659.794
27	65	0.08291	9309.764
27	66	0.0968	9735.294
27	67	0.09089	10082.8
27	68	0.09963	10525.99
27	69	0.10076	10941.35
27	70	0.10407	11207.87
27	71	0.09391	11237.97
27	72	0.08808	11701.03
27	73	0.07185	12958.54
27	74	0.07731	12626.11
27	75	0.07275	12404.91
27	76	0.05801	12681.47
27	77	0.05554	13290.61
27	78	0.05497	13850.17
27	79	0.04948	14103.55
27	80	0.0436	13980.39
27	81	0.04022	14052.7
27	82	0.03776	14048.66
27	83	0.0367	13986.08
27	84	0.03806	15151.79
27	85	0.03743	15373.79
27	86	0.0316	15752.08
27	87	0.03144	15962
27	88	0.03341	15838.77
27	89	0.03342	16324.79
27	90	0.03299	16343.78
27	91	0.03104	16099.42
27	92	0.03056	16561.13
27	93	0.0321	16517.38
27	94	0.03123	17213.46
28	29	0.08359	2012.894
28	30	0.07728	1466.667
28	31	0.0722	1410.891
28	32	0.06687	1162.137
28	33	0.06498	1258.537
28	34	0.06878	1533.632
28	35	0.0689	1527.051
28	36	0.07578	1943.25
28	37	0.07815	1843.854
28	38	0.06394	1670.886
28	39	0.06779	1710.415
28	40	0.07285	2111.204
28	41	0.08697	2354.312
28	42	0.09783	3076.379
28	43	0.10837	3419.857
28	44	0.11629	3865.182
28	45	0.11367	3732.856
28	46	0.08389	3288.337
28	47	0.11442	3258.427
28	48	0.09761	3731.481
28	49	0.05778	3288.372
28	50	0.06112	3518.182
28	51	0.06942	3665.236
28	52	0.04368	3819.328
28	53	0.04935	3974.79
28	54	0.03554	3827.16
28	55	0.04539	4234.818
28	56	0.04604	4174.603
28	57	0.04331	4096.154
28	58	0.03681	4382.576
28	59	0.03571	4618.519
28	60	0.03708	4494.545
28	61	0.03704	4754.513
28	62	0.03633	4808.511
28	63	0.03579	5216.783
28	64	0.03618	5319.588
28	65	0.03556	5649.832
28	66	0.04469	5970.588
28	67	0.04315	6340.764
28	68	0.05027	6666.667
28	69	0.05275	6938.416
28	70	0.05666	7280.899
28	71	0.07752	7502.674
28	72	0.09528	8092.784
28	73	0.11522	8636.585
28	74	0.09247	8517.699
28	75	0.08342	8396.728
28	76	0.09242	8944.015
28	77	0.09351	9252.708
28	78	0.12896	9511.785
28	79	0.12631	9843.895
28	80	0.09951	9619.048
28	81	0.07412	9847.044
28	82	0.06944	9755.474
28	83	0.06735	9661.253
28	84	0.06985	10104.91
28	85	0.06887	10149.3
28	86	0.08187	10258.33
28	87	0.07217	10446
28	88	0.08428	10730.33
28	89	0.08476	10901.19
28	90	0.0987	10940.82
28	91	0.09697	11039.26
28	92	0.09251	11391.9
28	93	0.10743	11623.22
28	94	0.08764	12214.23
29	29	0.26453	4405.444
29	30	0.22932	4118.519
29	31	0.18456	4009.901
29	32	0.15109	3383.318
29	33	0.15318	3209.756
29	34	0.16385	3246.637
29	35	0.16747	3630.017
29	36	0.1776	3963.887
29	37	0.18294	4169.435
29	38	0.16767	3957.806
29	39	0.17576	4208.298
29	40	0.18109	4719.9
29	41	0.20028	4910.645
29	42	0.21594	5636.492
29	43	0.24357	6190.785
29	44	0.25512	6555.349
29	45	0.2509	6684.556
29	46	0.1817	6376.89
29	47	0.22941	5925.745
29	48	0.19761	6319.444
29	49	0.12899	6130.233
29	50	0.13501	6454.545
29	51	0.13182	6639.485
29	52	0.13568	6936.975
29	53	0.13282	7264.706
29	54	0.13415	7078.189
29	55	0.12826	7331.984
29	56	0.12565	7527.778
29	57	0.12759	7465.385
29	58	0.13709	7696.97
29	59	0.13424	7837.037
29	60	0.1284	7785.455
29	61	0.13334	7938.628
29	62	0.14507	8191.489
29	63	0.15801	8412.587
29	64	0.17071	8625.43
29	65	0.18543	9148.148
29	66	0.20484	9392.157
29	67	0.19236	9707.006
29	68	0.20458	10238.53
29	69	0.20275	10366.57
29	70	0.20593	10696.63
29	71	0.21048	10890.37
29	72	0.24437	11337.63
29	73	0.32879	11956.1
29	74	0.27751	11555.31
29	75	0.25626	11566.46
29	76	0.26263	12009.65
29	77	0.26321	12435.02
29	78	0.2572	12944.44
29	79	0.25719	13282.84
29	80	0.24825	12963.59
29	81	0.24664	13264.78
29	82	0.23279	13225.06
29	83	0.22612	13368.91
29	84	0.23392	14133.93
29	85	0.23037	14541.35
29	86	0.20641	14854.17
29	87	0.20933	14877
29	88	0.20204	14942.42
29	89	0.20561	15143.64
29	90	0.19079	15151.44
29	91	0.17755	15120.3
29	92	0.16373	15367.61
29	93	0.12061	15403.63
29	94	0.1359	15902.55
30	29	0.65276	4197.708
30	30	0.6049	3666.667
30	31	0.57398	3118.812
30	32	0.55	3130.272
30	33	0.54707	2868.293
30	34	0.54312	3219.731
30	35	0.53641	4109.948
30	36	0.58851	4041.273
30	37	0.64628	4202.658
30	38	0.70467	4295.359
30	39	0.75664	4445.385
30	40	0.78601	5142.14
30	41	0.75686	5477.855
30	42	0.72897	6308.345
30	43	0.73314	7397.794
30	44	0.68333	7266.543
30	45	0.59114	7131.783
30	46	0.54505	7003.24
30	47	0.58538	7186.126
30	48	0.56942	7546.296
30	49	0.53389	6511.628
30	50	0.53403	7486.364
30	51	0.56556	7721.03
30	52	0.5569	7613.445
30	53	0.57335	7571.429
30	54	0.56787	7251.029
30	55	0.59779	7619.433
30	56	0.56844	7603.175
30	57	0.53473	7584.615
30	58	0.51881	7799.242
30	59	0.49704	7462.963
30	60	0.47081	7490.909
30	61	0.46384	7252.708
30	62	0.46558	8308.511
30	63	0.46537	8069.93
30	64	0.47193	8044.674
30	65	0.4749	8508.418
30	66	0.49524	8856.209
30	67	0.51919	8898.089
30	68	0.5424	8984.709
30	69	0.56668	9407.625
30	70	0.58644	9898.876
30	71	0.49811	9815.508
30	72	0.45171	10891.75
30	73	0.40996	11870.73
30	74	0.31483	11522.12
30	75	0.23056	11445.81
30	76	0.26315	11494.21
30	77	0.2815	11471.12
30	78	0.21156	12483.16
30	79	0.20507	12307.57
30	80	0.19679	12224.09
30	81	0.11729	12574.55
30	82	0.10942	12368.61
30	83	0.10528	12325.99
30	84	0.10868	12334.82
30	85	0.10744	12094.52
30	86	0.09455	12511.46
30	87	0.09606	12485
30	88	0.10282	12314.78
30	89	0.10277	12947.85
30	90	0.09731	12829.42
30	91	0.0971	13176.27
30	92	0.09824	13402.43
30	93	0.09408	13921.01
30	94	0.09557	13785
31	29	0.21385	4197.708
31	30	0.17103	3792.593
31	31	0.13148	3349.835
31	32	0.10101	2830.366
31	33	0.1054	2634.146
31	34	0.11795	2286.996
31	35	0.12437	3516.579
31	36	0.12667	3361.995
31	37	0.12921	3397.01
31	38	0.12895	3358.65
31	39	0.13048	3327.688
31	40	0.12784	3913.043
31	41	0.1442	4219.114
31	42	0.15809	5749.646
31	43	0.17123	6547.696
31	44	0.17564	6691.404
31	45	0.17184	7012.522
31	46	0.11885	6349.892
31	47	0.16528	6165.12
31	48	0.13636	7175.926
31	49	0.07321	6232.558
31	50	0.07955	7072.727
31	51	0.09096	7025.751
31	52	0.05099	7378.151
31	53	0.05675	7029.412
31	54	0.01465	7201.646
31	55	0.04637	6655.87
31	56	0.0468	6630.952
31	57	0.04592	7438.462
31	58	0.04529	7670.455
31	59	0.04458	7507.407
31	60	0.04371	7730.909
31	61	0.04134	7700.361
31	62	0.04277	8113.475
31	63	0.04634	8167.832
31	64	0.0507	8202.749
31	65	0.05564	8939.394
31	66	0.05472	9444.444
31	67	0.05588	9563.694
31	68	0.05536	9706.422
31	69	0.05561	10375.37
31	70	0.05507	10530.9
31	71	0.04861	10868.98
31	72	0.0437	11479.38
31	73	0.03226	12617.07
31	74	0.03657	11858.41
31	75	0.03448	12343.56
31	76	0.03528	12210.42
31	77	0.03669	12324.91
31	78	0.05249	13380.47
31	79	0.05048	13239.57
31	80	0.0436	12588.24
31	81	0.037	13321.34
31	82	0.03482	13184.91
31	83	0.03388	13018.56
31	84	0.03516	13747.77
31	85	0.03489	14006.44
31	86	0.03285	14128.13
31	87	0.03559	14108
31	88	0.0413	14597.89
31	89	0.03975	14684.35
31	90	0.04238	15125.33
31	91	0.04379	15056.81
31	92	0.04278	15535.22
31	93	0.04625	15559.24
31	94	0.0434	16105.18
32	29	1.16682	6117.479
32	30	1.10883	6066.667
32	31	1.02111	5305.281
32	32	0.95833	5070.291
32	33	1.02071	4721.951
32	34	0.93878	4780.269
32	35	0.93008	5610.82
32	36	1.10903	7110.92
32	37	1.27197	6212.625
32	38	1.42849	6464.135
32	39	1.57919	7146.486
32	40	1.61794	7554.348
32	41	1.43108	7482.517
32	42	1.18828	10884.02
32	43	1.03686	9695.003
32	44	0.96684	9059.988
32	45	0.93839	9493.143
32	46	0.99426	9357.451
32	47	1.03074	8549.096
32	48	0.99252	8060.185
32	49	1.02752	8260.465
32	50	1.02303	8936.364
32	51	1.07508	9369.099
32	52	1.0444	9962.185
32	53	1.0441	10189.08
32	54	1.00399	9843.621
32	55	0.96686	10137.65
32	56	0.90721	9769.841
32	57	0.85981	9746.154
32	58	0.81877	9704.545
32	59	0.77775	10070.37
32	60	0.7381	10378.18
32	61	0.6706	10537.91
32	62	0.5929	11148.94
32	63	0.51941	10954.55
32	64	0.48041	10835.05
32	65	0.45752	10925.93
32	66	0.50059	11156.86
32	67	0.53748	11490.45
32	68	0.56309	12428.13
32	69	0.58349	13131.96
32	70	0.60748	13685.39
32	71	0.54595	13665.78
32	72	0.5322	13989.69
32	73	0.55147	14578.05
32	74	0.4627	13944.69
32	75	0.3979	13877.3
32	76	0.39932	14418.92
32	77	0.3806	15018.05
32	78	0.32405	16146.46
32	79	0.29305	16284.39
32	80	0.25871	16189.08
32	81	0.05586	16137.53
32	82	0.05067	15439.17
32	83	0.04827	15291.18
32	84	0.04901	15822.54
32	85	0.04718	16271.75
32	86	0.06696	16703.13
32	87	0.06021	16834
32	88	0.06481	17185.22
32	89	0.0559	17721.87
32	90	0.05314	17627.5
32	91	0.05108	17402.67
32	92	0.05151	17758.7
32	93	0.04585	17951.82
32	94	0.04326	18419.95
33	29	0.1028	4849.57
33	30	0.10302	4725.926
33	31	0.08722	4537.954
33	32	0.07384	3936.27
33	33	0.07337	3990.244
33	34	0.07917	4206.278
33	35	0.07901	4284.468
33	36	0.07693	4557.18
33	37	0.09149	4634.551
33	38	0.10309	4438.819
33	39	0.08774	4690.94
33	40	0.0929	5242.475
33	41	0.10388	5439.005
33	42	0.11491	5947.666
33	43	0.12766	6268.657
33	44	0.129	6450.216
33	45	0.12023	6571.258
33	46	0.07643	6155.508
33	47	0.10733	5891.549
33	48	0.10391	5907.407
33	49	0.03341	5860.465
33	50	0.05754	6090.909
33	51	0.06352	6420.601
33	52	0.05076	6575.63
33	53	0.05127	6899.16
33	54	0.03916	6971.193
33	55	0.04796	7372.47
33	56	0.05054	7515.873
33	57	0.04974	7688.462
33	58	0.05738	7575.758
33	59	0.05562	7855.556
33	60	0.05249	7974.545
33	61	0.04837	8223.827
33	62	0.05032	8464.539
33	63	0.05499	8472.028
33	64	0.05816	8762.887
33	65	0.06273	9134.68
33	66	0.09532	9722.222
33	67	0.08586	10130.57
33	68	0.11042	10596.33
33	69	0.11727	10970.67
33	70	0.12753	10926.97
33	71	0.11214	10911.76
33	72	0.10636	11347.94
33	73	0.09945	11853.66
33	74	0.09959	11610.62
33	75	0.09374	11384.46
33	76	0.11145	12032.82
33	77	0.12502	12348.38
33	78	0.0762	12978.11
33	79	0.08443	13425.04
33	80	0.08969	13729.69
33	81	0.09912	14044.99
33	82	0.09243	14239.66
33	83	0.08909	14937.35
33	84	0.09096	16023.44
33	85	0.08823	16866.81
33	86	0.07488	17770.83
33	87	0.07983	18039
33	88	0.08759	18514.4
33	89	0.08407	18277.22
33	90	0.07431	17604
33	91	0.05703	17563.07
33	92	0.06437	17640.49
33	93	0.0593	17624.01
33	94	0.05621	18314
34	29	0.20434	6489.971
34	30	0.1807	6185.185
34	31	0.14488	5981.848
34	32	0.12379	5407.685
34	33	0.16652	4995.122
34	34	0.13573	5058.296
34	35	0.14542	5375.218
34	36	0.14154	6018.917
34	37	0.16098	6121.262
34	38	0.17536	5780.591
34	39	0.15473	6240.474
34	40	0.16049	7023.411
34	41	0.17773	7327.117
34	42	0.18846	8154.173
34	43	0.21771	9169.371
34	44	0.23053	9523.81
34	45	0.22835	9350.03
34	46	0.197	8153.348
34	47	0.20401	7596.483
34	48	0.16782	7546.296
34	49	0.14013	7479.07
34	50	0.13043	8109.091
34	51	0.12942	8506.438
34	52	0.10862	8794.118
34	53	0.10549	9294.118
34	54	0.0823	9065.844
34	55	0.0945	9255.061
34	56	0.0968	9654.762
34	57	0.08998	9746.154
34	58	0.08851	9500
34	59	0.08618	9796.296
34	60	0.08365	9992.727
34	61	0.07873	10158.84
34	62	0.08183	10539.01
34	63	0.08713	10653.85
34	64	0.09263	11027.49
34	65	0.09982	11471.38
34	66	0.08542	11915.03
34	67	0.0919	12398.09
34	68	0.08675	12963.3
34	69	0.08638	13205.28
34	70	0.08439	13491.57
34	71	0.06232	13641.71
34	72	0.04953	14144.33
34	73	0.03362	14624.39
34	74	0.04588	14420.35
34	75	0.04485	14247.44
34	76	0.0414	14706.56
34	77	0.03569	15057.76
34	78	0.04362	15622.9
34	79	0.04455	15969.09
34	80	0.04249	16313.73
34	81	0.0295	16597.69
34	82	0.02774	16852.8
34	83	0.02689	17323.67
34	84	0.02782	18368.3
34	85	0.02735	18846.4
34	86	0.02505	19506.25
34	87	0.02534	19995
34	88	0.02524	20853.17
34	89	0.02543	21147.3
34	90	0.02368	21046.13
34	91	0.02265	20672.51
34	92	0.0216	21126.32
34	93	0.02145	21195.89
34	94	0.02065	21455.53
35	29	0.35005	2901.146
35	30	0.32791	2437.037
35	31	0.27977	2351.485
35	32	0.2381	1921.275
35	33	0.20933	2019.512
35	34	0.18004	2179.372
35	35	0.15159	2513.089
35	36	0.20861	2906.277
35	37	0.26245	2965.116
35	38	0.31577	2810.127
35	39	0.36705	2972.058
35	40	0.40474	3419.732
35	41	0.4273	3628.594
35	42	0.42443	4441.301
35	43	0.40424	4951.33
35	44	0.40728	5398.887
35	45	0.39806	5569.469
35	46	0.3766	4967.603
35	47	0.38077	4894.968
35	48	0.37162	5175.926
35	49	0.34647	5302.326
35	50	0.334	5445.455
35	51	0.32513	5751.073
35	52	0.30408	5949.58
35	53	0.29817	6037.815
35	54	0.28569	5991.77
35	55	0.28667	6210.526
35	56	0.27125	6408.73
35	57	0.25314	6623.077
35	58	0.23719	6863.636
35	59	0.22409	6977.778
35	60	0.20943	6781.818
35	61	0.2158	6963.899
35	62	0.23551	7031.915
35	63	0.26063	7090.909
35	64	0.28304	7230.241
35	65	0.31181	7478.114
35	66	0.36528	7709.15
35	67	0.3924	7888.535
35	68	0.43907	8232.416
35	69	0.46622	8469.208
35	70	0.49873	8820.225
35	71	0.46797	9013.369
35	72	0.47029	9510.309
35	73	0.47529	9904.878
35	74	0.43734	9893.805
35	75	0.39406	10065.44
35	76	0.36837	10386.1
35	77	0.32414	10711.19
35	78	0.2271	11228.96
35	79	0.2199	11448.22
35	80	0.20651	11410.36
35	81	0.19007	11655.53
35	82	0.17524	11683.7
35	83	0.16703	11585.85
35	84	0.17109	11883.93
35	85	0.16675	12161.12
35	86	0.1561	12043.75
35	87	0.145	11893
35	88	0.15635	12047.98
35	89	0.17615	12248.86
35	90	0.16906	12369.89
35	91	0.15587	12378.45
35	92	0.15994	12563.56
35	93	0.15917	12871.25
35	94	0.15933	13167.05
36	29	0.10888	8144.699
36	30	0.09845	7562.963
36	31	0.08031	7153.465
36	32	0.06723	6232.427
36	33	0.0732	5980.488
36	34	0.07229	5991.031
36	35	0.0735	6204.188
36	36	0.07159	6852.966
36	37	0.08335	6860.465
36	38	0.08984	6556.962
36	39	0.07889	6883.997
36	40	0.08528	7504.181
36	41	0.09306	7630.148
36	42	0.09944	8168.317
36	43	0.10881	8870.863
36	44	0.10967	9412.492
36	45	0.11404	9707.812
36	46	0.09407	9071.274
36	47	0.10364	8343.918
36	48	0.09978	8083.333
36	49	0.07984	7925.581
36	50	0.08742	8322.727
36	51	0.08653	8480.687
36	52	0.07418	8529.412
36	53	0.06991	8899.16
36	54	0.05697	8847.737
36	55	0.06269	9190.283
36	56	0.0719	9480.159
36	57	0.06665	9580.769
36	58	0.07626	9556.818
36	59	0.07598	9874.074
36	60	0.07309	10021.82
36	61	0.07195	10249.1
36	62	0.07404	10457.45
36	63	0.07699	10629.37
36	64	0.07734	11075.6
36	65	0.08096	11451.18
36	66	0.07623	11892.16
36	67	0.07855	12461.78
36	68	0.07747	13119.27
36	69	0.07789	13472.14
36	70	0.07736	13651.69
36	71	0.07031	13794.12
36	72	0.06636	14226.8
36	73	0.05589	14502.44
36	74	0.06014	14254.42
36	75	0.05683	14089.98
36	76	0.04196	14276.06
36	77	0.02448	14509.03
36	78	0.05688	14875.42
36	79	0.05599	15064.91
36	80	0.05065	15274.51
36	81	0.03992	15583.55
36	82	0.03761	15841.85
36	83	0.03643	16095.13
36	84	0.03781	17022.32
36	85	0.03732	17457.57
36	86	0.03606	18140.63
36	87	0.03667	18440
36	88	0.03705	18914.59
36	89	0.03817	19197.62
36	90	0.03764	19426.46
36	91	0.03573	19154.55
36	92	0.03321	19544.13
36	93	0.02979	19625.59
36	94	0.02752	19900.23
37	29	0.06193	2342.407
37	30	0.06569	2125.926
37	31	0.06029	2013.201
37	32	0.05516	1715.089
37	33	0.05477	2000
37	34	0.05569	2233.184
37	35	0.05598	2329.843
37	36	0.06426	2527.945
37	37	0.06707	2657.807
37	38	0.05058	2447.257
37	39	0.05577	2633.362
37	40	0.06149	3043.478
37	41	0.07365	3240.093
37	42	0.08403	4002.829
37	43	0.09424	4451.655
37	44	0.09526	4700.062
37	45	0.09357	4871.795
37	46	0.0834	4638.229
37	47	0.08963	4362.482
37	48	0.08775	4629.63
37	49	0.07955	4493.023
37	50	0.07992	4886.364
37	51	0.08054	5103.004
37	52	0.07752	5151.261
37	53	0.07791	5340.336
37	54	0.07352	5308.642
37	55	0.07485	5518.219
37	56	0.07777	5686.508
37	57	0.07212	5465.385
37	58	0.06418	5681.818
37	59	0.06287	5844.444
37	60	0.06401	5901.818
37	61	0.06026	6064.982
37	62	0.06228	6329.787
37	63	0.06648	6510.49
37	64	0.07062	6838.488
37	65	0.07564	7151.515
37	66	0.09683	7660.131
37	67	0.08855	7968.153
37	68	0.10228	8330.275
37	69	0.10552	8815.249
37	70	0.11135	9081.461
37	71	0.10625	9192.513
37	72	0.10807	9829.897
37	73	0.11056	10434.15
37	74	0.10429	10267.7
37	75	0.09686	10049.08
37	76	0.10678	10515.44
37	77	0.11188	10685.92
37	78	0.10131	11170.03
37	79	0.09962	11238.02
37	80	0.09416	11204.48
37	81	0.08604	11434.45
37	82	0.08033	11344.28
37	83	0.0775	11675.17
37	84	0.07954	12438.62
37	85	0.0776	12749.73
37	86	0.08033	13222.92
37	87	0.07197	13479
37	88	0.07341	13853.17
37	89	0.07713	13936.87
37	90	0.07391	14164.49
37	91	0.07159	14036.76
37	92	0.07779	14439.68
37	93	0.08386	14784.36
37	94	0.07584	15139.98
38	29	0.06232	2700.573
38	30	0.05573	2266.667
38	31	0.04705	1526.403
38	32	0.03994	1630.74
38	33	0.04154	1424.39
38	34	0.04464	1605.381
38	35	0.04627	2347.295
38	36	0.0497	1994.841
38	37	0.05191	2682.724
38	38	0.04637	2362.869
38	39	0.04813	2675.699
38	40	0.05166	3511.706
38	41	0.06061	4071.484
38	42	0.07125	4667.61
38	43	0.08404	6229.721
38	44	0.08664	6338.899
38	45	0.08204	6189.624
38	46	0.09866	5836.933
38	47	0.08025	7264.289
38	48	0.09496	6865.741
38	49	0.11405	5627.907
38	50	0.11085	6195.455
38	51	0.1217	6201.717
38	52	0.09448	5521.008
38	53	0.09893	5596.639
38	54	0.06594	5588.477
38	55	0.09357	5995.951
38	56	0.1	6134.921
38	57	0.09298	6119.231
38	58	0.08503	6981.061
38	59	0.0829	6211.111
38	60	0.08351	6607.273
38	61	0.08394	5953.069
38	62	0.08425	8187.943
38	63	0.08005	7447.552
38	64	0.07617	7213.058
38	65	0.07293	8249.158
38	66	0.08209	8150.327
38	67	0.08149	8222.93
38	68	0.08982	8247.706
38	69	0.09114	8739.003
38	70	0.09456	8761.236
38	71	0.0954	9502.674
38	72	0.10671	10922.68
38	73	0.13118	14641.46
38	74	0.11566	13086.28
38	75	0.10857	12456.03
38	76	0.13403	11469.11
38	77	0.1387	11059.57
38	78	0.15014	13097.64
38	79	0.17043	12408.04
38	80	0.17597	10701.68
38	81	0.27261	12646.53
38	82	0.25335	12736.01
38	83	0.24387	12883.99
38	84	0.25243	12962.05
38	85	0.25133	12901.18
38	86	0.2387	12876.04
38	87	0.2539	12632
38	88	0.272	11444.34
38	89	0.26646	12566.33
38	90	0.30841	13334.2
38	91	0.37969	13009.19
38	92	0.31554	13943.32
38	93	0.33276	13598.74
38	94	0.33571	14401.39
39	29	0.32996	5458.453
39	30	0.29259	4837.037
39	31	0.24884	4579.208
39	32	0.21483	3692.596
39	33	0.21896	3687.805
39	34	0.23197	4017.937
39	35	0.2368	4450.262
39	36	0.2672	5038.693
39	37	0.28039	5307.309
39	38	0.22304	4658.228
39	39	0.24466	5131.245
39	40	0.26765	5919.732
39	41	0.31154	6293.706
39	42	0.34681	7128.713
39	43	0.39458	8046.723
39	44	0.39313	8039.579
39	45	0.37638	7912.94
39	46	0.31683	7003.24
39	47	0.343	6775.769
39	48	0.32351	7060.185
39	49	0.28208	6702.326
39	50	0.29234	7250
39	51	0.29597	7811.159
39	52	0.26164	7987.395
39	53	0.25464	8445.378
39	54	0.21575	8028.807
39	55	0.23601	8388.664
39	56	0.21959	8595.238
39	57	0.23346	8561.538
39	58	0.27334	8185.606
39	59	0.27081	8507.407
39	60	0.25432	8618.182
39	61	0.24774	8588.448
39	62	0.25013	8815.603
39	63	0.25594	9000
39	64	0.26109	9357.388
39	65	0.26729	9835.017
39	66	0.28973	10307.19
39	67	0.27705	10461.78
39	68	0.29052	10972.48
39	69	0.29259	11390.03
39	70	0.29753	11320.22
39	71	0.28887	11358.29
39	72	0.30073	11860.82
39	73	0.31638	12495.12
39	74	0.3022	12402.65
39	75	0.28492	12155.42
39	76	0.28324	12741.31
39	77	0.27821	13213
39	78	0.26028	13621.21
39	79	0.25625	13816.07
39	80	0.24812	13638.66
39	81	0.25221	13602.83
39	82	0.23864	13395.38
39	83	0.23286	13465.2
39	84	0.24244	14171.88
39	85	0.24003	14414.61
39	86	0.24419	14725
39	87	0.241	14725
39	88	0.24469	15097.89
39	89	0.25102	15227.81
39	90	0.23958	15272.41
39	91	0.23448	15051.8
39	92	0.23378	15374.09
39	93	0.22739	15584.52
39	94	0.21696	16150.81
40	29	0.17119	3202.006
40	30	0.14329	2666.667
40	31	0.1165	2417.492
40	32	0.09649	1986.879
40	33	0.1045	2126.829
40	34	0.1054	2206.278
40	35	0.1094	2547.993
40	36	0.11291	2717.111
40	37	0.11698	3064.784
40	38	0.11918	2869.198
40	39	0.12171	2895.851
40	40	0.1213	3214.883
40	41	0.13399	3317.793
40	42	0.14294	4377.652
40	43	0.15349	5016.223
40	44	0.16584	5813.234
40	45	0.16529	5736.434
40	46	0.13003	5097.192
40	47	0.16478	4978.017
40	48	0.14774	5268.519
40	49	0.11048	5400
40	50	0.11034	5181.818
40	51	0.11594	5515.021
40	52	0.10119	5857.143
40	53	0.10616	6172.269
40	54	0.08652	5975.309
40	55	0.1023	6113.36
40	56	0.10023	6289.683
40	57	0.08995	6353.846
40	58	0.07175	6787.879
40	59	0.06715	6877.778
40	60	0.06671	6956.364
40	61	0.06196	7007.22
40	62	0.05692	7046.099
40	63	0.05325	7153.846
40	64	0.05052	7505.155
40	65	0.04688	7915.825
40	66	0.04168	8189.542
40	67	0.04138	8585.987
40	68	0.03753	8981.651
40	69	0.03542	9275.66
40	70	0.03308	9626.404
40	71	0.03119	9737.968
40	72	0.03168	10167.53
40	73	0.03233	10824.39
40	74	0.02868	10827.43
40	75	0.02567	11006.13
40	76	0.03379	11320.46
40	77	0.03595	11595.67
40	78	0.03559	12136.36
40	79	0.04529	12751.16
40	80	0.04601	13036.41
40	81	0.04986	13731.36
40	82	0.04543	13909.98
40	83	0.04311	13042.92
40	84	0.04495	13204.24
40	85	0.04468	13194.41
40	86	0.042	12852.08
40	87	0.04488	12507
40	88	0.04733	12773.51
40	89	0.04602	12979.87
40	90	0.04877	13158.4
40	91	0.04824	13076.86
40	92	0.04946	13363.56
40	93	0.04764	13460.51
40	94	0.04495	13613.3
41	29	0.07182	4727.794
41	30	0.06695	4444.444
41	31	0.05693	4117.162
41	32	0.05247	3505.155
41	33	0.07157	3434.146
41	34	0.05381	3883.408
41	35	0.05695	3935.428
41	36	0.05659	4660.361
41	37	0.05439	4559.801
41	38	0.05154	4430.38
41	39	0.05087	4775.614
41	40	0.05015	5735.786
41	41	0.05867	6278.166
41	42	0.05875	7821.782
41	43	0.0658	8877.352
41	44	0.07328	8521.954
41	45	0.07245	8026.237
41	46	0.06933	7386.609
41	47	0.06952	7288.715
41	48	0.05991	7560.185
41	49	0.06003	7400
41	50	0.05237	7490.909
41	51	0.05331	7811.159
41	52	0.04621	7991.597
41	53	0.04607	8021.008
41	54	0.03749	7658.436
41	55	0.04336	7979.757
41	56	0.03911	8186.508
41	57	0.03799	7869.231
41	58	0.03234	7939.394
41	59	0.03107	8274.074
41	60	0.03157	8258.182
41	61	0.03067	8429.603
41	62	0.02897	8648.936
41	63	0.02782	8828.671
41	64	0.02828	9178.694
41	65	0.02647	9569.024
41	66	0.02647	9885.621
41	67	0.02726	10184.71
41	68	0.02783	10522.94
41	69	0.02792	10706.74
41	70	0.02834	10918.54
41	71	0.02341	11090.91
41	72	0.0221	11737.11
41	73	0.02109	12324.39
41	74	0.02114	12389.38
41	75	0.02	12325.15
41	76	0.01927	13019.31
41	77	0.01599	13281.59
41	78	0.01967	13887.21
41	79	0.02193	14137.56
41	80	0.02199	13813.73
41	81	0.01713	13462.72
41	82	0.01617	12948.91
41	83	0.01583	13182.13
41	84	0.01639	13702.01
41	85	0.01619	13861.44
41	86	0.01504	14110.42
41	87	0.01544	14165
41	88	0.01551	14466.41
41	89	0.01594	14901.19
41	90	0.01653	14968.67
41	91	0.01809	14843.78
41	92	0.01914	15126.32
41	93	0.01813	15429.7
41	94	0.01776	15829.85
42	29	0.21056	5465.616
42	30	0.19092	5200
42	31	0.15224	4876.238
42	32	0.12259	4151.828
42	33	0.12989	4019.512
42	34	0.13864	4260.09
42	35	0.14427	4458.988
42	36	0.14837	5107.481
42	37	0.15998	5215.947
42	38	0.15614	4683.544
42	39	0.15269	5029.636
42	40	0.15979	5689.799
42	41	0.17366	5959.596
42	42	0.18867	6647.808
42	43	0.2083	7352.369
42	44	0.21862	7662.338
42	45	0.21192	7561.121
42	46	0.1839	6900.648
42	47	0.19451	6604.787
42	48	0.18718	6587.963
42	49	0.17462	6474.419
42	50	0.17632	7000
42	51	0.17757	7291.845
42	52	0.17402	7453.782
42	53	0.17001	7903.361
42	54	0.16427	7473.251
42	55	0.16448	7708.502
42	56	0.16341	8138.889
42	57	0.16132	8311.538
42	58	0.16089	8151.515
42	59	0.15658	8248.148
42	60	0.15255	8294.545
42	61	0.14913	8350.181
42	62	0.1494	8567.376
42	63	0.1497	8713.287
42	64	0.14951	9075.601
42	65	0.14944	9464.646
42	66	0.17893	9879.085
42	67	0.1678	10302.55
42	68	0.18811	10691.13
42	69	0.19333	11123.17
42	70	0.20259	11351.12
42	71	0.18488	11366.31
42	72	0.18057	11920.1
42	73	0.17263	12434.15
42	74	0.17458	12438.05
42	75	0.16444	12427.4
42	76	0.1651	12899.61
42	77	0.15876	13240.07
42	78	0.14953	13685.19
42	79	0.16106	13947.45
42	80	0.16134	13897.76
42	81	0.13572	14030.85
42	82	0.12818	14045.01
42	83	0.12494	14019.72
42	84	0.13033	14561.38
42	85	0.12948	15006.44
42	86	0.12639	15465.63
42	87	0.12631	15603
42	88	0.12604	15915.55
42	89	0.12293	16325.71
42	90	0.12132	16434.29
42	91	0.12069	16407.69
42	92	0.11924	16702.83
42	93	0.11527	16835.7
42	94	0.11017	17165.51
44	29	0.12282	6189.112
44	30	0.11955	5755.556
44	31	0.10424	5775.578
44	32	0.09306	5295.22
44	33	0.10962	5356.098
44	34	0.09926	5291.48
44	35	0.10325	5549.738
44	36	0.10059	6027.515
44	37	0.10952	5980.066
44	38	0.11671	5578.059
44	39	0.10697	5994.92
44	40	0.10685	6806.02
44	41	0.1081	7148.407
44	42	0.10933	8019.802
44	43	0.09653	7696.301
44	44	0.09511	7804.576
44	45	0.09155	7549.195
44	46	0.06471	7311.015
44	47	0.0986	7059.111
44	48	0.12148	6555.556
44	49	0.05885	6334.884
44	50	0.09804	6990.909
44	51	0.0884	7300.429
44	52	0.10939	7352.941
44	53	0.10069	7735.294
44	54	0.12914	7547.325
44	55	0.10113	7870.445
44	56	0.08149	7873.016
44	57	0.09314	7730.769
44	58	0.10598	7768.939
44	59	0.1055	8033.333
44	60	0.09698	8072.727
44	61	0.09871	8350.181
44	62	0.08786	8645.39
44	63	0.07469	8860.14
44	64	0.06591	9178.694
44	65	0.0508	9616.162
44	66	0.04595	10124.18
44	67	0.05288	10601.91
44	68	0.05625	10981.65
44	69	0.06073	11184.75
44	70	0.0636	11373.6
44	71	0.03546	11310.16
44	72	0.01928	11731.96
44	73	0.00751	11963.41
44	74	0.02316	11814.16
44	75	0.02508	11801.64
44	76	0.00209	12231.66
44	77	0.00209	12467.51
44	78	0.0227	12804.71
44	79	0.02037	13083.46
44	80	0.01305	13411.76
44	81	0.01017	13613.11
44	82	0.00958	13767.64
44	83	0.00931	14090.49
44	84	0.00964	14859.38
44	85	0.00947	15165.41
44	86	0.01159	15701.04
44	87	0.00961	16030
44	88	0.01161	16622.84
44	89	0.00877	16871.91
44	90	0.00774	16563.97
44	91	0.00711	16238.93
44	92	0.00725	16384.62
44	93	0.00665	16770.93
44	94	0.0062	16974.48
45	29	0.06326	1912.607
45	30	0.06534	1770.37
45	31	0.05932	1666.667
45	32	0.05492	1462.043
45	33	0.05536	1678.049
45	34	0.05625	1856.502
45	35	0.05653	1972.077
45	36	0.06402	2192.605
45	37	0.0666	2234.219
45	38	0.0518	2075.949
45	39	0.05661	2303.133
45	40	0.06187	2759.197
45	41	0.07095	3014.763
45	42	0.07748	3804.809
45	43	0.08894	4153.147
45	44	0.09026	4483.612
45	45	0.08712	4454.383
45	46	0.071	4179.266
45	47	0.08572	3844.651
45	48	0.08694	4217.593
45	49	0.06247	4055.814
45	50	0.07094	4209.091
45	51	0.07123	4781.116
45	52	0.0609	5012.605
45	53	0.06192	5176.471
45	54	0.04938	4786.008
45	55	0.05885	4963.563
45	56	0.05638	4988.095
45	57	0.0563	4934.615
45	58	0.05788	4965.909
45	59	0.05648	5137.037
45	60	0.05429	5200
45	61	0.05253	5371.841
45	62	0.0525	5634.752
45	63	0.05279	5786.713
45	64	0.05473	6082.474
45	65	0.05575	6528.62
45	66	0.06635	7035.948
45	67	0.06352	7363.057
45	68	0.07227	7761.468
45	69	0.07518	8155.425
45	70	0.07923	8429.775
45	71	0.07704	8558.824
45	72	0.07905	9054.124
45	73	0.08055	9614.634
45	74	0.0742	9634.956
45	75	0.06838	9423.313
45	76	0.07872	9861.004
45	77	0.07897	9969.314
45	78	0.0961	10382.15
45	79	0.10136	10574.96
45	80	0.09237	10585.43
45	81	0.08371	10753.21
45	82	0.07826	10626.52
45	83	0.07562	10908.35
45	84	0.07782	11497.77
45	85	0.07628	11720.73
45	86	0.07392	11956.25
45	87	0.08014	12197
45	88	0.07595	12660.27
45	89	0.07466	12702.65
45	90	0.07548	13147.08
45	91	0.07113	12934
45	92	0.06885	13114.17
45	93	0.07564	13331.75
45	94	0.07558	13698.38
46	29	0.04348	3008.596
46	30	0.03897	2666.667
46	31	0.03314	1955.446
46	32	0.0289	1743.205
46	33	0.03043	1258.537
46	34	0.03226	1632.287
46	35	0.03264	2670.157
46	36	0.03754	2089.424
46	37	0.03964	2666.113
46	38	0.03236	2675.105
46	39	0.03565	2895.851
46	40	0.03945	3394.649
46	41	0.0496	3651.904
46	42	0.05633	5311.174
46	43	0.06287	5451.006
46	44	0.06622	6017.316
46	45	0.06196	6428.145
46	46	0.05043	6074.514
46	47	0.06013	6170.005
46	48	0.05603	7060.185
46	49	0.0415	5190.698
46	50	0.04351	5845.455
46	51	0.04489	6433.476
46	52	0.0385	5571.429
46	53	0.03847	6029.412
46	54	0.02839	5983.539
46	55	0.03565	5408.907
46	56	0.03812	5603.175
46	57	0.03509	6392.308
46	58	0.02926	6571.97
46	59	0.02862	5785.185
46	60	0.02925	6781.818
46	61	0.02876	6700.361
46	62	0.02819	7386.525
46	63	0.02801	7024.476
46	64	0.02962	6835.052
46	65	0.03135	7639.731
46	66	0.0648	8137.255
46	67	0.05409	8191.083
46	68	0.07606	8437.309
46	69	0.08181	8624.633
46	70	0.0936	8960.674
46	71	0.08349	9278.075
46	72	0.07459	10213.92
46	73	0.051	12275.61
46	74	0.06056	11066.37
46	75	0.05713	11116.56
46	76	0.06075	10333.98
46	77	0.06097	10868.23
46	78	0.08168	11804.71
46	79	0.07073	12009.27
46	80	0.06479	10785.71
46	81	0.0568	11485.86
46	82	0.05352	11349.15
46	83	0.05198	11234.34
46	84	0.05381	12035.71
46	85	0.05318	11967.78
46	86	0.0498	12245.83
46	87	0.02587	12503
46	88	0.05548	12317.66
46	89	0.05446	12935.96
46	90	0.05635	13603.13
46	91	0.05754	13700.08
46	92	0.05645	14225.1
46	93	0.05406	14330.96
46	94	0.05634	15181.75
47	29	0.11714	2671.92
47	30	0.12487	2377.778
47	31	0.11741	2252.475
47	32	0.11066	1818.182
47	33	0.11138	1951.22
47	34	0.11386	2161.435
47	35	0.11581	2268.761
47	36	0.13724	2588.134
47	37	0.14671	2740.864
47	38	0.10882	2497.89
47	39	0.12281	2599.492
47	40	0.13751	3081.104
47	41	0.16545	3341.103
47	42	0.19058	3925.035
47	43	0.21959	4678.78
47	44	0.22479	5312.307
47	45	0.21168	5408.468
47	46	0.15983	4676.026
47	47	0.19131	4323.4
47	48	0.16511	4467.593
47	49	0.11718	4418.605
47	50	0.11941	4663.636
47	51	0.1037	4806.867
47	52	0.15361	4936.975
47	53	0.14772	5357.143
47	54	0.2076	5234.568
47	55	0.15316	5356.275
47	56	0.13731	5623.016
47	57	0.17281	5657.692
47	58	0.26168	5708.333
47	59	0.25899	5907.407
47	60	0.22914	5861.818
47	61	0.22696	6072.202
47	62	0.22187	6237.589
47	63	0.21651	6444.056
47	64	0.21053	6707.904
47	65	0.20564	7121.212
47	66	0.24009	7578.431
47	67	0.22498	7831.21
47	68	0.24754	8324.159
47	69	0.25242	8601.173
47	70	0.26141	8834.27
47	71	0.2704	9064.171
47	72	0.31391	9631.443
47	73	0.41795	10297.56
47	74	0.35498	10159.29
47	75	0.32868	10002.04
47	76	0.31952	10476.83
47	77	0.30969	10693.14
47	78	0.2529	11227.27
47	79	0.25244	11367.85
47	80	0.24357	11218.49
47	81	0.22549	11359.9
47	82	0.21187	11270.07
47	83	0.20576	11426.91
47	84	0.21301	12138.39
47	85	0.20953	12437.16
47	86	0.21015	13012.5
47	87	0.20908	13315
47	88	0.21474	13605.57
47	89	0.19497	13791.4
47	90	0.20054	13842.47
47	91	0.18667	13785.3
47	92	0.19535	14320.65
47	93	0.20221	14580.57
47	94	0.17882	15039.44
48	29	0.14042	3366.762
48	30	0.12955	2985.185
48	31	0.109	2813.531
48	32	0.09747	2427.366
48	33	0.12852	2439.024
48	34	0.10127	2556.054
48	35	0.1078	2766.143
48	36	0.10854	3121.238
48	37	0.10849	3388.704
48	38	0.1049	3316.456
48	39	0.10533	3437.765
48	40	0.10338	3862.876
48	41	0.11311	4024.864
48	42	0.11717	5007.072
48	43	0.13273	6035.042
48	44	0.14879	6394.558
48	45	0.15225	6243.292
48	46	0.15538	5583.153
48	47	0.15062	5534.929
48	48	0.11487	5574.074
48	49	0.13178	6000
48	50	0.10724	6154.545
48	51	0.10525	6343.348
48	52	0.10351	6525.21
48	53	0.10517	6684.874
48	54	0.10501	6674.897
48	55	0.10442	6829.96
48	56	0.09823	7039.683
48	57	0.09523	7115.385
48	58	0.08725	7087.121
48	59	0.08492	7211.111
48	60	0.08304	7094.545
48	61	0.08148	7277.978
48	62	0.07849	7343.972
48	63	0.0767	7486.014
48	64	0.07567	7807.56
48	65	0.07345	8154.882
48	66	0.07349	8549.02
48	67	0.0746	9041.401
48	68	0.07444	9477.064
48	69	0.07439	9847.507
48	70	0.07466	10162.92
48	71	0.07787	10213.9
48	72	0.08614	10685.57
48	73	0.10059	11295.12
48	74	0.0863	11347.35
48	75	0.07814	11580.78
48	76	0.09295	12110.04
48	77	0.10046	12449.46
48	78	0.09179	13148.15
48	79	0.09286	13625.97
48	80	0.08716	13781.51
48	81	0.09781	14482.01
48	82	0.08875	14391.73
48	83	0.08414	14066.13
48	84	0.08621	14536.83
48	85	0.08393	14758.32
48	86	0.07597	14152.08
48	87	0.07547	13952
48	88	0.07444	14169.87
48	89	0.07451	14359.56
48	90	0.07306	14577.02
48	91	0.07165	14578.11
48	92	0.07148	14905.26
48	93	0.07324	15026.07
48	94	0.07075	15250.58
49	29	0.60244	3911.175
49	30	0.57178	3651.852
49	31	0.52233	3019.802
49	32	0.47582	2820.993
49	33	0.44995	2858.537
49	34	0.42337	2744.395
49	35	0.39547	3359.511
49	36	0.55414	3938.091
49	37	0.71085	3646.179
49	38	0.85416	3704.641
49	39	0.99616	3827.265
49	40	1.10286	4347.826
49	41	1.10012	4568.765
49	42	1.03493	6166.902
49	43	0.95454	7248.54
49	44	0.95843	6444.032
49	45	0.97175	6636.852
49	46	0.91349	5858.531
49	47	0.92864	5710.796
49	48	0.94367	5745.37
49	49	0.90235	5795.349
49	50	0.90697	6050
49	51	0.83738	6540.773
49	52	0.74724	6617.647
49	53	0.67752	6676.471
49	54	0.59919	6432.099
49	55	0.53281	6688.259
49	56	0.49124	6904.762
49	57	0.44041	7080.769
49	58	0.38141	7068.182
49	59	0.34179	7214.815
49	60	0.30858	7316.364
49	61	0.32255	7462.094
49	62	0.33715	7780.142
49	63	0.35319	7839.161
49	64	0.37201	8051.546
49	65	0.38609	8255.892
49	66	0.35774	8366.013
49	67	0.33406	8509.554
49	68	0.30907	8688.073
49	69	0.28428	8868.035
49	70	0.2599	9244.382
49	71	0.21559	9467.914
49	72	0.19018	9925.258
49	73	0.17416	10241.46
49	74	0.12734	10165.93
49	75	0.08843	10149.28
49	76	0.08359	10594.59
49	77	0.07296	10859.21
49	78	0.0883	11282.83
49	79	0.08192	11372.49
49	80	0.07372	11123.25
49	81	0.0499	11185.09
49	82	0.04578	11104.62
49	83	0.04356	11099.77
49	84	0.0446	11540.18
49	85	0.04358	11722.88
49	86	0.04323	11788.54
49	87	0.03624	11779
49	88	0.03923	11880.04
49	89	0.04358	12077.77
49	90	0.04398	12236.73
49	91	0.04133	12308.27
49	92	0.04157	12638.06
49	93	0.0417	12917.85
49	94	0.04081	13280.74
50	29	0.08636	4477.077
50	30	0.09168	4207.407
50	31	0.07798	3844.884
50	32	0.06425	3364.574
50	33	0.06442	3248.78
50	34	0.07283	3372.197
50	35	0.07284	3568.935
50	36	0.06443	4006.879
50	37	0.08147	3986.711
50	38	0.10393	3797.468
50	39	0.08099	4098.222
50	40	0.08573	4678.094
50	41	0.09865	4933.955
50	42	0.10894	5417.256
50	43	0.1197	5989.617
50	44	0.12772	5844.156
50	45	0.11914	6118.068
50	46	0.08072	5836.933
50	47	0.099	5456.766
50	48	0.08684	5472.222
50	49	0.02271	5186.047
50	50	0.03342	5286.364
50	51	0.03334	5695.279
50	52	0.03064	5764.706
50	53	0.02741	5987.395
50	54	0.02192	5950.617
50	55	0.02466	6137.652
50	56	0.03252	6531.746
50	57	0.02432	6576.923
50	58	0.02393	6518.939
50	59	0.02336	6751.852
50	60	0.02311	6963.636
50	61	0.02299	7173.285
50	62	0.02529	7322.695
50	63	0.02747	7409.091
50	64	0.02726	7752.577
50	65	0.02929	8249.158
50	66	0.03096	8911.765
50	67	0.02783	9232.484
50	68	0.02958	9620.795
50	69	0.02903	9891.496
50	70	0.02843	10112.36
50	71	0.02091	10216.58
50	72	0.01711	10657.22
50	73	0.01119	10987.8
50	74	0.01274	10670.35
50	75	0.01186	10507.16
50	76	0.01434	10951.74
50	77	0.01423	10981.95
50	78	0.01784	11690.24
50	79	0.01734	11947.45
50	80	0.013	11969.19
50	81	0.01264	12218.51
50	82	0.01185	12215.33
50	83	0.01146	12453.6
50	84	0.01184	13104.91
50	85	0.01165	13629.43
50	86	0.0108	14284.38
50	87	0.01075	14610
50	88	0.01094	14977.93
50	89	0.01124	15453.8
50	90	0.01078	15180.16
50	91	0.01099	14888.89
50	92	0.01091	15217.81
50	93	0.01044	15319.12
50	94	0.00922	15546.02
51	29	0.10393	3058.739
51	30	0.10549	2792.593
51	31	0.09733	2986.799
51	32	0.09217	2596.064
51	33	0.09714	2712.195
51	34	0.09336	2807.175
51	35	0.09366	2993.019
51	36	0.10816	3301.806
51	37	0.11391	3446.844
51	38	0.08453	3223.629
51	39	0.09474	3530.906
51	40	0.10547	4138.796
51	41	0.11836	4452.214
51	42	0.12128	5473.833
51	43	0.13271	5392.602
51	44	0.13007	5504.02
51	45	0.12572	5605.247
51	46	0.1189	5334.773
51	47	0.13983	4885.198
51	48	0.1403	5250
51	49	0.11646	5195.349
51	50	0.12355	5640.909
51	51	0.12507	6021.459
51	52	0.10164	6281.513
51	53	0.1025	6390.756
51	54	0.07701	6353.909
51	55	0.0968	6574.899
51	56	0.08976	6726.19
51	57	0.09014	6611.538
51	58	0.09551	6696.97
51	59	0.09408	6925.926
51	60	0.09023	6985.455
51	61	0.08687	7173.285
51	62	0.08773	7446.809
51	63	0.08926	7674.825
51	64	0.09099	8164.948
51	65	0.09434	8555.556
51	66	0.08829	8908.497
51	67	0.09488	9366.242
51	68	0.09811	9850.153
51	69	0.10194	10325.51
51	70	0.10467	10525.28
51	71	0.09669	10748.66
51	72	0.09065	11347.94
51	73	0.07207	11931.71
51	74	0.07587	11904.87
51	75	0.07019	11875.26
51	76	0.03194	12310.81
51	77	0.03324	12610.11
51	78	0.06801	13168.35
51	79	0.06754	13491.5
51	80	0.05554	13805.32
51	81	0.06129	14041.13
51	82	0.05731	14155.72
51	83	0.0551	14450.12
51	84	0.05657	15223.21
51	85	0.05529	15621.91
51	86	0.05811	16175
51	87	0.05847	16459
51	88	0.05874	16850.29
51	89	0.06159	17171.09
51	90	0.0558	17003.48
51	91	0.05661	16791.14
51	92	0.05696	16944.94
51	93	0.05802	17101.11
51	94	0.05425	17402.17
53	29	0.08618	5243.553
53	30	0.0759	4807.407
53	31	0.06387	4348.185
53	32	0.05682	3701.968
53	33	0.07034	3590.244
53	34	0.05839	3901.345
53	35	0.06139	4205.934
53	36	0.06232	4823.732
53	37	0.06306	4900.332
53	38	0.0636	4827.004
53	39	0.0653	5114.31
53	40	0.06427	6086.957
53	41	0.07002	6620.047
53	42	0.06909	8359.264
53	43	0.07696	9422.453
53	44	0.0795	9350.649
53	45	0.07433	8372.093
53	46	0.07691	7478.402
53	47	0.08941	7274.06
53	48	0.08617	7458.333
53	49	0.0895	7362.791
53	50	0.08845	7768.182
53	51	0.09444	7987.124
53	52	0.08234	8235.294
53	53	0.08509	8634.454
53	54	0.06939	8510.288
53	55	0.08011	8526.316
53	56	0.07658	8575.397
53	57	0.07237	8650
53	58	0.06412	8590.909
53	59	0.06161	8777.778
53	60	0.06123	8821.818
53	61	0.05981	9111.913
53	62	0.05641	9450.355
53	63	0.05469	9513.986
53	64	0.05509	9776.632
53	65	0.05318	10333.33
53	66	0.05244	11042.48
53	67	0.05069	11340.76
53	68	0.05057	11752.29
53	69	0.05021	11923.75
53	70	0.04996	11688.2
53	71	0.0471	11598.93
53	72	0.05084	12067.01
53	73	0.06127	12800
53	74	0.05464	12889.38
53	75	0.05034	13094.07
53	76	0.06865	13598.46
53	77	0.0814	13850.18
53	78	0.07418	14725.59
53	79	0.06777	15123.65
53	80	0.06419	15008.4
53	81	0.04662	15060.41
53	82	0.04356	14829.68
53	83	0.0422	14959.4
53	84	0.0435	15293.53
53	85	0.0425	15520.95
53	86	0.03074	16023.96
53	87	0.03433	15976
53	88	0.03426	15997.12
53	89	0.03425	16546.2
53	90	0.03293	16766.75
53	91	0.03208	16848.79
53	92	0.03328	17261.54
53	93	0.03212	17250.39
53	94	0.03214	17433.87
54	29	0.18348	3259.312
54	30	0.16909	2985.185
54	31	0.1471	2896.04
54	32	0.12936	2371.134
54	33	0.13069	2497.561
54	34	0.13552	2771.3
54	35	0.13602	2905.759
54	36	0.15378	3319.003
54	37	0.16052	3438.538
54	38	0.12198	3080.169
54	39	0.13274	3243.014
54	40	0.14483	3658.027
54	41	0.17171	3822.844
54	42	0.19813	4292.786
54	43	0.23376	4756.652
54	44	0.23908	5040.198
54	45	0.22877	5265.355
54	46	0.20807	4967.603
54	47	0.2125	5002.443
54	48	0.20958	5125
54	49	0.19811	4744.186
54	50	0.19523	4790.909
54	51	0.18895	5064.378
54	52	0.21614	5226.891
54	53	0.21379	5357.143
54	54	0.24946	5037.037
54	55	0.22191	5327.935
54	56	0.21731	5849.206
54	57	0.23432	6115.385
54	58	0.27544	5878.788
54	59	0.27403	5914.815
54	60	0.26094	5901.818
54	61	0.24856	6010.83
54	62	0.27798	6216.312
54	63	0.32347	6440.559
54	64	0.36752	6738.832
54	65	0.42514	7111.111
54	66	0.48816	7375.817
54	67	0.47082	7652.866
54	68	0.5162	7816.514
54	69	0.53433	8111.437
54	70	0.55729	8632.022
54	71	0.57612	8901.07
54	72	0.68381	9365.979
54	73	0.9634	9668.293
54	74	0.81897	9699.115
54	75	0.76124	9981.595
54	76	0.73957	10386.1
54	77	0.71944	10680.51
54	78	0.64687	11040.4
54	79	0.61479	11242.66
54	80	0.58772	11165.27
54	81	0.59906	11066.84
54	82	0.56634	11094.89
54	83	0.55309	10766.82
54	84	0.58096	11111.61
54	85	0.58135	11196.56
54	86	0.54795	11464.58
54	87	0.56641	11357
54	88	0.58901	11635.32
54	89	0.61042	11826.17
54	90	0.60795	12155.79
54	91	0.65415	12252.3
54	92	0.67472	12600.81
54	93	0.63753	12821.48
54	94	0.66073	13220.42
55	29	0.22532	4763.61
55	30	0.20986	4288.889
55	31	0.17556	3811.881
55	32	0.14929	3336.457
55	33	0.15228	3200
55	34	0.1611	3354.26
55	35	0.16451	3979.058
55	36	0.17912	4402.408
55	37	0.18622	4526.578
55	38	0.1588	4219.409
55	39	0.16787	4284.505
55	40	0.17822	4887.124
55	41	0.20523	5151.515
55	42	0.23258	6053.748
55	43	0.26206	6761.843
55	44	0.2671	6796.537
55	45	0.25589	6982.707
55	46	0.1859	6479.482
55	47	0.23596	6272.594
55	48	0.20005	6574.074
55	49	0.13253	6381.395
55	50	0.14001	6790.909
55	51	0.13954	7386.266
55	52	0.13518	7487.395
55	53	0.13214	7659.664
55	54	0.12484	7242.798
55	55	0.12373	7526.316
55	56	0.12149	7833.333
55	57	0.13054	7857.692
55	58	0.16668	7791.667
55	59	0.16498	8177.778
55	60	0.15129	8130.909
55	61	0.14664	8231.047
55	62	0.14899	8450.355
55	63	0.15309	8493.007
55	64	0.15785	8872.852
55	65	0.16334	9289.562
55	66	0.18847	9774.51
55	67	0.17737	10012.74
55	68	0.19301	10403.67
55	69	0.19571	10777.13
55	70	0.20212	10912.92
55	71	0.18457	11050.8
55	72	0.17369	11515.46
55	73	0.14355	12156.1
55	74	0.15339	12061.95
55	75	0.14409	11975.46
55	76	0.14542	12467.18
55	77	0.14375	12989.17
55	78	0.15858	13533.67
55	79	0.14518	13877.9
55	80	0.13478	13686.27
55	81	0.1142	13584.83
55	82	0.10767	13474.45
55	83	0.10504	13488.4
55	84	0.10904	14136.16
55	85	0.10766	14270.68
55	86	0.09705	14651.04
55	87	0.09107	14699
55	88	0.09117	14776.39
55	89	0.08783	15039.34
55	90	0.08691	15141.86
55	91	0.08462	15005.85
55	92	0.07959	15462.35
55	93	0.06135	15658.77
55	94	0.0632	16153.91
56	29	0.1794	4770.774
56	30	0.15931	4266.667
56	31	0.13971	3861.386
56	32	0.12609	3439.55
56	33	0.13477	3541.463
56	34	0.13305	3605.381
56	35	0.13503	4258.29
56	36	0.13751	4668.96
56	37	0.13582	4966.777
56	38	0.13007	4649.789
56	39	0.13304	4885.69
56	40	0.13226	5622.91
56	41	0.15757	5967.366
56	42	0.16683	6598.303
56	43	0.2068	7384.815
56	44	0.24306	7507.73
56	45	0.24512	7447.823
56	46	0.23844	7289.417
56	47	0.24158	7278.945
56	48	0.19315	7388.889
56	49	0.20043	7581.395
56	50	0.17108	7727.273
56	51	0.16599	8330.472
56	52	0.1604	7966.387
56	53	0.16477	8063.025
56	54	0.15514	7617.284
56	55	0.15062	7700.405
56	56	0.13753	7916.667
56	57	0.15533	8146.154
56	58	0.19565	8185.606
56	59	0.19464	8407.407
56	60	0.17505	8370.909
56	61	0.16557	8577.617
56	62	0.18503	8819.149
56	63	0.20654	8804.196
56	64	0.2304	8814.433
56	65	0.26732	9175.084
56	66	0.25882	9434.641
56	67	0.2681	9891.72
56	68	0.25974	10064.22
56	69	0.25509	10337.24
56	70	0.24826	10640.45
56	71	0.26529	11064.17
56	72	0.31674	11713.92
56	73	0.43702	12731.71
56	74	0.35776	13055.31
56	75	0.32211	13022.49
56	76	0.44275	13308.88
56	77	0.49038	13962.09
56	78	0.43293	15190.24
56	79	0.49167	15734.16
56	80	0.4873	15904.76
56	81	0.42512	16039.85
56	82	0.38998	15240.88
56	83	0.3769	14112.53
56	84	0.39632	14177.46
56	85	0.39619	14512.35
56	86	0.27396	13825
56	87	0.31524	13282
56	88	0.35605	13685.22
56	89	0.32238	13970.72
56	90	0.31013	14710.18
56	91	0.29088	15274.85
56	92	0.29372	15328.74
56	93	0.27467	15680.09
56	94	0.27821	15760.25
