	rt	mkt	smb 	hml
196307	2.98	-0.39	-0.47	-0.83
196308	3.22	5.07	-0.79	1.67
196309	1.07	-1.57	-0.48	0.18
196310	3.45	2.53	-1.29	-0.1
196311	-0.16	-0.85	-0.84	1.71
196312	3.16	1.83	-1.89	-0.12
196401	0.98	2.24	0.08	1.59
196402	1.84	1.54	0.32	2.83
196403	3.11	1.41	1.41	3.32
196404	0.13	0.1	-1.52	-0.55
196405	3.94	1.42	-0.68	1.98
196406	-0.13	1.27	0.09	0.68
196407	-1.23	1.74	0.53	0.68
196408	0.41	-1.44	0.3	0.09
196409	0.6	2.69	-0.31	1.65
196410	-1.51	0.59	0.88	1.14
196411	3.09	0	-0.27	-1.98
196412	-0.74	0.03	-0.58	-2.55
196501	-3.14	3.54	2.49	0.18
196502	0.48	0.44	3.31	0.22
196503	1.42	-1.34	2.03	1.09
196504	2.11	3.11	1.18	0.71
196505	0.4	-0.77	0.06	-1.63
196506	-5.97	-5.51	-4.3	0.55
196507	6.5	1.43	1.07	2.18
196508	2.96	2.73	2.72	-0.96
196509	3.06	2.86	0.62	-0.1
196510	3.95	2.6	3.43	1.52
196511	9.89	-0.03	5.19	0.21
196512	0.77	1.01	2.65	1.95
196601	8.43	0.72	4.72	3.49
196602	10.86	-1.21	4.86	0.27
196603	4.83	-2.51	0.22	-2.07
196604	3.62	2.14	3.38	-0.54
196605	-7.74	-5.66	-5.19	-1.55
196606	5.11	-1.44	1.34	0.5
196607	-0.38	-1.63	-0.5	0.96
196608	-4.03	-7.91	-3.03	0.47
196609	-1.26	-1.06	-1.19	0.53
196610	-7.75	3.86	-6.53	2.87
196611	13.11	1.4	3.37	-4.46
196612	-1.25	0.13	1.93	-1.22
196701	-5.68	8.15	9	2.22
196702	4.94	0.78	3.03	-2.17
196703	3.59	3.99	1.91	0.31
196704	-0.17	3.89	0.46	-2.64
196705	3.8	-4.33	2.37	0.8
196706	5.88	2.41	6.47	0.96
196707	-2.72	4.58	3.48	2.65
196708	-1.6	-0.89	0.76	1.46
196709	0.16	3.11	2.46	-2.47
196710	4.69	-3.09	0.46	-3.39
196711	-0.21	0.37	-0.05	-1.71
196712	6.72	3.05	5.76	-0.39
196801	-7.13	-4.06	4.48	4.75
196802	-5.44	-3.75	-2.92	1.17
196803	4.69	0.2	-1.52	-0.59
196804	8.55	9.05	6.25	-1.03
196805	8.64	2.28	7.02	0.84
196806	-0.88	0.69	-0.28	0.67
196807	-2.03	-2.72	-1.33	5.48
196808	3.75	1.34	2.29	1
196809	3.08	4.03	2.78	0.24
196810	-3.46	0.42	-0.42	2.89
196811	1.48	5.43	2.41	-0.9
196812	1.31	-3.94	3.6	0.02
196901	0.91	-1.25	-0.46	1.69
196902	-2.33	-5.84	-4.12	0.9
196903	6.71	2.64	-0.4	-0.46
196904	3.2	1.46	-0.82	0.03
196905	5.64	-0.1	-0.18	0.73
196906	0.59	-7.18	-5.49	-1.09
196907	4.77	-7	-3.37	1.42
196908	4.09	4.68	0.71	-3.87
196909	1.64	-2.98	1.29	-3.19
196910	-3.91	5.06	3.89	-3.19
196911	6.37	-3.79	-2.41	-1.12
196912	9.46	-2.63	-3.7	-3.02
197001	-0.41	-8.1	3.09	3.04
197002	-0.47	5.13	-2.58	4.04
197003	0.9	-1.06	-2.4	4.25
197004	6.02	-11	-6.3	6.39
197005	3.2	-6.92	-4.42	3.6
197006	10.5	-5.79	-2.17	0.87
197007	-0.46	6.93	-0.69	0.96
197008	-11.34	4.49	1.54	1.03
197009	-18.79	4.18	8.49	-5.58
197010	13.57	-2.28	-4.5	0.27
197011	7.17	4.59	-4	1.63
197012	-2.37	5.72	3.02	1.01
197101	-11.32	4.84	7.54	1.38
197102	-0.94	1.41	2.05	-1.29
197103	-2.76	4.13	2.15	-4.04
197104	1.19	3.15	-0.37	0.72
197105	2.92	-3.98	-1.17	-1.38
197106	5.63	-0.1	-1.45	-2.06
197107	-1.25	-4.5	-1.41	0.17
197108	6.43	3.79	-0.18	2.67
197109	4.1	-0.85	0.19	-2.96
197110	5.1	-4.42	-1.65	-0.43
197111	4.51	-0.46	-2.9	-1.7
197112	-0.94	8.71	3.27	-0.35
197201	-0.54	2.49	6.33	1.99
197202	0.8	2.87	0.96	-2.76
197203	3.11	0.63	-0.49	-1.73
197204	3.41	0.29	0.15	0.23
197205	7.23	1.25	-3.15	-2.69
197206	6.57	-2.43	-0.35	-2.51
197207	4.45	-0.8	-2.74	0.78
197208	-5.94	3.26	-3.53	4.69
197209	4.82	-1.14	-2.25	0.47
197210	5.08	0.52	-2.53	1.37
197211	-7.95	4.6	-0.53	4.76
197212	9.58	0.62	-1.82	-2.27
197301	7.85	-3.29	-2.79	2.68
197302	4.15	-4.85	-4.01	1.7
197303	5.8	-1.3	-2.31	2.78
197304	8.34	-5.68	-3	5.69
197305	12.74	-2.94	-5.98	0.21
197306	9.18	-1.56	-2.54	1.44
197307	-18.67	5.05	7.25	-5.31
197308	4.13	-3.82	-1.75	1.14
197309	-5.71	4.75	3.54	2.18
197310	9.62	-0.83	-0.26	1.74
197311	13.62	-12.75	-7.25	4.04
197312	13.31	0.61	-4.6	4.09
197401	-19.27	-0.17	10.41	5.99
197402	4.38	-0.47	0.16	2.54
197403	-5.51	-2.81	2.64	-0.11
197404	5.59	-5.29	-0.63	1.06
197405	-0.59	-4.68	-3.17	-2.04
197406	3.98	-2.83	-0.02	0.79
197407	6.56	-8.05	1.99	5.14
197408	3.12	-9.35	0.3	2.5
197409	5.04	-11.77	1.46	5.49
197410	5.91	16.1	-6.85	-9.99
197411	-0.78	-4.51	-1.44	-0.16
197412	2	-3.45	-4.36	0
197501	-19.7	13.66	12.79	8.44
197502	-2.4	5.56	-0.65	-4.56
197503	-1.03	2.66	3.98	2.49
197504	3.32	4.23	-0.59	-1.11
197505	-0.6	5.19	2.89	-4.02
197506	-0.49	4.83	1.32	1.32
197507	4.06	-6.59	3.42	1.7
197508	1.92	-2.85	-2.79	-0.9
197509	1.86	-4.26	0.02	0.34
197510	0.89	5.31	-4.23	0.3
197511	-1.67	2.64	-1.07	1.99
197512	0.28	-1.6	-0.03	1.76
197601	9.54	12.16	6.35	8.58
197602	2.77	0.32	7.97	5.78
197603	0.15	2.32	-1.34	-0.04
197604	0.54	-1.49	0.14	-0.06
197605	-2.68	-1.34	-1.12	-1.32
197606	-2.39	4.05	-1.13	0.68
197607	-0.12	-1.07	0.62	1.74
197608	-0.72	-0.56	-2.03	0.79
197609	0.53	2.07	0.12	-0.29
197610	0.2	-2.42	0.16	-0.13
197611	3.67	0.36	2.65	1.51
197612	3.16	5.65	3.61	2.22
197701	11.85	-4.05	5.9	4.26
197702	-0.09	-1.94	1.11	0.5
197703	2.05	-1.37	1.29	1.02
197704	8	0.15	0.59	3.45
197705	2.97	-1.45	1.28	0.84
197706	1.33	4.71	2.07	-0.64
197707	1.15	-1.69	1.82	-0.59
197708	-4.04	-1.75	0.89	-2.79
197709	3.18	-0.27	1.56	-0.49
197710	0.27	-4.38	1.5	1.72
197711	5.3	4	3.62	0.31
197712	1.45	0.27	1.6	-0.37
197801	1.66	-6.01	2.69	3.31
197802	5.8	-1.38	3.67	0.76
197803	3.19	2.85	3.72	1.2
197804	-1.33	7.88	-0.31	-3.54
197805	7.08	1.76	4.56	-0.62
197806	6.91	-1.69	1.59	0.59
197807	5.42	5.11	0.15	-1.11
197808	6.31	3.75	4.93	-0.46
197809	-5.44	-1.43	-0.28	1.87
197810	-12.13	-11.91	-10.05	1.36
197811	8.34	2.71	2.85	-2.22
197812	5.68	0.88	1.07	-2.19
197901	-2.93	4.23	3.84	2.27
197902	-1.61	-3.56	0.55	1.2
197903	2.11	5.68	3.16	-0.67
197904	1.07	-0.06	2.4	1.05
197905	1.64	-2.21	0.5	1.92
197906	1.09	3.85	0.99	1.48
197907	-0.85	0.82	1.24	1.7
197908	-0.97	5.53	1.97	-1.55
197909	8.22	-0.82	-0.27	-0.87
197910	6.46	-8.1	-3.46	-1.86
197911	10.34	5.21	2.44	-3.25
197912	6.15	1.79	4.34	-1.98
198001	9.75	5.51	1.9	1.8
198002	10.28	-1.22	-1.49	0.62
198003	-17.46	-12.9	-6.97	-1.06
198004	0.07	3.97	1	1.06
198005	-5.51	5.26	2.1	0.39
198006	1.61	3.06	1.47	-0.89
198007	-3.61	6.49	3.93	-6.3
198008	2.47	1.8	4.26	-2.64
198009	8.27	2.19	0.58	-4.79
198010	7.03	1.06	2.33	-2.74
198011	16.23	9.59	-3.4	-8.35
198012	-7.21	-4.52	-0.31	2.68
198101	-10.58	-5.04	3.37	6.84
198102	0.03	0.57	-0.49	0.97
198103	-1.89	3.56	3.08	0.67
198104	1.98	-2.11	4.6	2.26
198105	6.27	0.11	2.45	-0.43
198106	-12.8	-2.36	-0.97	5.13
198107	-7.08	-1.54	-1.97	-0.66
198108	-0.65	-7.04	-1.81	4.84
198109	1.26	-7.17	-2.49	5.2
198110	8.59	4.92	2.24	-4.21
198111	-0.95	3.36	-1.38	1.9
198112	2.62	-3.65	1.19	0.74
198201	1.25	-3.24	-1.18	3.17
198202	4.42	-5.86	0.37	6.1
198203	3.92	-1.87	0	3.78
198204	-0.46	3.27	1.15	-2.78
198205	4.46	-3.99	0.56	1.81
198206	9.9	-3.09	-0.51	1.54
198207	5.28	-3.19	0.95	0.15
198208	-0.98	11.14	-4.29	1.16
198209	8.26	1.29	2.57	0.34
198210	0.11	11.3	1.92	-3.68
198211	8.51	4.67	4.53	-1.96
198212	-3.65	0.55	-0.01	0.01
198301	-4.48	3.6	3.28	-0.86
198302	8.92	2.59	2.9	0.67
198303	2.67	2.82	1.42	2.07
198304	4.09	6.67	0.49	0.6
198305	-4.07	0.52	6.22	-1.4
198306	0.99	3.07	1.15	-3.87
198307	-5.21	-4.07	0.98	5.62
198308	-4.46	-0.5	-4.34	5.55
198309	-2.43	0.91	0.25	1.09
198310	-7.58	-3.44	-3.82	5.06
198311	0.86	2.16	1.88	-0.62
198312	-3	-1.78	-0.47	1.67
198401	-4.8	-1.92	-0.07	7.63
198402	-0.23	-4.82	-1.62	3.36
198403	3.46	0.63	-0.28	0.48
198404	2.65	-0.51	-1.01	1.29
198405	3.29	-5.97	0.08	0.26
198406	0.3	1.82	0.07	-2.6
198407	4.84	-2.74	-2.22	0.49
198408	-4.84	10.28	-0.3	-1.85
198409	4.63	-0.8	0	5.32
198410	4.02	-0.84	-1.43	0.51
198411	3.34	-1.76	-0.98	4.08
198412	1.66	1.84	-0.69	-0.17
198501	-10.11	7.99	3.49	-5.43
198502	2.63	1.22	1	-0.12
198503	0.45	-0.84	-1.48	4.1
198504	3.45	-0.96	-0.1	3.73
198505	8.11	5.09	-2.33	-0.86
198506	5.05	1.27	0.48	0.7
198507	-4.38	-0.74	2.89	-1.63
198508	2.09	-1.02	-0.32	2.28
198509	3.83	-4.54	-1.81	1.32
198510	7.3	4.02	-1.55	0.78
198511	1.15	6.48	0	-2.87
198512	0.48	3.88	-0.39	-1.53
198601	6.69	0.65	1.01	0.53
198602	3.82	7.13	-0.76	-0.94
198603	3.44	4.88	-0.57	-0.44
198604	1.03	-1.31	2.92	-2.85
198605	1.87	4.62	-1.26	-0.11
198606	7.65	1.03	-0.87	1.4
198607	4.28	-6.45	-3.54	4.78
198608	-7.99	6.07	-4.36	3.52
198609	-9.92	-8.6	1.97	3.19
198610	5.66	4.66	-2.33	-1.32
198611	0.21	1.17	-1.88	-0.06
198612	3.11	-3.27	0.07	0.37
198701	4.03	12.47	-1.51	-3.18
198702	-3.03	4.39	3.41	-5.99
198703	3.91	1.64	0.21	1.66
198704	5.38	-2.11	-1.55	-0.33
198705	-0.55	0.11	-0.59	0.13
198706	1.8	3.94	-2.29	1.07
198707	2.55	3.85	-1.11	0.66
198708	0.99	3.52	-0.9	-0.9
198709	2.7	-2.59	0.37	0.28
198710	-2.92	-23.24	-8.09	4.23
198711	-0.38	-7.77	2.83	3.14
198712	6.04	6.81	0.09	-4.49
198801	-9.58	4.21	-0.54	5.08
198802	-1.34	4.75	3.32	-1.65
198803	-0.02	-2.27	6.26	0.74
198804	2.02	0.56	1.12	1.69
198805	2.25	-0.29	-2.59	2.3
198806	-5.81	4.79	2.19	-1.07
198807	1.23	-1.25	-0.17	2.27
198808	0.64	-3.31	-0.02	2.03
198809	2.42	3.3	-1.31	-0.68
198810	1.18	1.15	-2.95	1.71
198811	1.95	-2.29	-1.66	1.24
198812	-0.4	1.49	2.01	-1.55
198901	-1.82	6.1	-2.23	0.51
198902	3.13	-2.25	2.67	0.87
198903	6.49	1.57	0.76	0.46
198904	3.41	4.33	-0.7	-1.45
198905	1.97	3.35	-0.01	-0.82
198906	3.07	-1.35	-1.08	2.19
198907	10.25	7.2	-4.04	-2.84
198908	1.13	1.44	0.43	0.72
198909	6.95	-0.76	0.46	-1.34
198910	5.6	-3.67	-3.33	-1.03
198911	3.85	1.03	-1.3	-1.12
198912	0.68	1.16	-2.3	0.28
199001	-2.19	-7.85	-1.33	0.87
199002	-0.64	1.11	1.18	0.61
199003	2.37	1.83	1.64	-2.9
199004	6.05	-3.36	-0.4	-2.55
199005	9.15	8.42	-2.4	-3.74
199006	4.04	-1.09	1.38	-1.94
199007	7.51	-1.9	-3.27	-0.01
199008	6.07	-10.15	-3.85	1.58
199009	7.02	-6.12	-3.78	0.73
199010	10.26	-1.92	-5.07	0.22
199011	-8.16	6.35	-0.06	-3.16
199012	2.39	2.46	0.61	-1.54
199101	-2.54	4.69	3.86	-1.84
199102	-11.33	7.19	3.96	-0.54
199103	0.64	2.65	3.82	-1.23
199104	0.17	-0.28	0.33	1.42
199105	2.56	3.65	0.17	-0.57
199106	-0.44	-4.94	0.17	1.21
199107	5.93	4.24	-0.96	-1.25
199108	0.13	2.32	1.44	-0.78
199109	6.98	-1.59	1.55	-1
199110	3.15	1.29	0.95	-0.43
199111	3.02	-4.19	-0.87	-1.93
199112	15.13	10.84	-2.42	-4.03
199201	-3.34	-0.59	9.26	4.51
199202	-1.03	1.09	1.35	6.37
199203	1.33	-2.66	-0.9	3.65
199204	-2.91	1.07	-5.73	4.31
199205	-1.16	0.3	0.21	1.28
199206	1.57	-2.34	-2.71	3.4
199207	1.49	3.77	-0.61	-0.53
199208	-1.04	-2.38	-0.42	-1.03
199209	4.51	1.19	0.48	-0.21
199210	2.98	1.02	2.02	-2.1
199211	0.76	4.13	3.91	-1.48
199212	7.6	1.53	1.64	2.52
199301	5	0.93	2.09	5.87
199302	1.66	0.12	-3.42	6.42
199303	7.58	2.3	0.05	1.22
199304	2.68	-3.05	-0.86	2.61
199305	2.5	2.89	1.88	-3.41
199306	5.9	0.31	0.11	2.62
199307	6.27	-0.34	0.9	3.24
199308	5.64	3.71	0.25	-0.45
199309	7.9	-0.12	3.07	-0.45
199310	-8.64	1.41	1.61	-1.54
199311	-9.22	-1.89	-1.43	-0.27
199312	2.3	1.65	1.36	0.57
199401	-1.88	2.87	-0.15	2.09
199402	0.36	-2.55	2.65	-1.44
199403	-0.59	-4.78	-1.02	1.31
199404	1.79	0.68	-1.05	1.68
199405	-3.81	0.58	-2.47	0.2
199406	-1.77	-3.03	-0.52	1.7
199407	-0.51	2.82	-1.84	0.59
199408	3.11	4.01	1.28	-2.82
199409	2.03	-2.31	2.66	-1.9
199410	3.43	1.34	-2.29	-1.73
199411	-2.13	-4.04	0.12	-0.94
199412	3.67	0.86	-0.02	0.55
199501	-3.51	1.8	-2.76	0.83
199502	1.05	3.63	-0.55	1.08
199503	3.6	2.19	-0.73	-1.07
199504	1.97	2.11	-0.34	2.26
199505	0.56	2.9	-2.06	1.69
199506	0.17	2.72	2.95	-2.27
199507	0.96	3.72	2.1	-1.68
199508	-0.51	0.55	1.84	2.71
199509	4.91	3.35	-1.88	-0.76
199510	7.08	-1.52	-4.04	-0.75
199511	-3.61	3.96	-1.17	0.94
199512	1.07	1.03	0.67	0.86
199601	2.48	2.26	-2.59	0.3
199602	-0.91	1.33	1.82	-1.42
199603	-3.9	0.73	1.54	1
199604	-3.9	2.06	4.64	-3.9
199605	4.05	2.36	3.17	-1.2
199606	2.77	-1.14	-3.47	1.56
199607	0.57	-5.97	-3.68	4.45
199608	1.26	2.77	2.54	-0.46
199609	2.86	5.01	-1.32	-3.14
199610	6.79	0.86	-3.89	5.12
199611	-10.27	6.25	-3.79	1.16
199612	0.13	-1.7	3.22	0.9
199701	6.01	4.98	-1.82	-1.64
199702	-3.89	-0.49	-2.52	5.19
199703	3.41	-5.02	-0.48	3.81
199704	11.84	4.04	-5.74	-0.07
199705	-11.36	6.74	4.65	-3.87
199706	3.07	4.1	1.26	1.23
199707	11.12	7.33	-2.83	0.84
199708	-4.23	-4.15	7.66	1.38
199709	2.82	5.35	2.56	0.02
199710	-1.88	-3.8	-0.5	1.96
199711	2.97	2.98	-5.03	0.78
199712	4.3	1.32	-2.01	3.46
199801	2.57	0.15	-1.4	-1.45
199802	1.39	7.04	-0.02	-0.13
199803	1.99	4.76	-0.66	1.06
199804	0.87	0.73	-0.01	0.74
199805	5.12	-3.07	-3.11	4.16
199806	13.28	3.18	-3.67	-2.32
199807	8.15	-2.46	-5.32	-0.97
199808	4.84	-16.08	-5.01	3.41
199809	-5.48	6.15	-0.82	-3.31
199810	-9.08	7.13	-3.53	-2.2
199811	3.99	6.1	0.65	-3.14
199812	14	6.16	-1.5	-4.46
199901	6.87	3.5	-0.75	-4.03
199902	2.27	-4.08	-5.15	1.4
199903	-4.92	3.45	-4.3	-2.64
199904	-18.7	4.33	4.65	2.51
199905	-10.16	-2.46	3.73	2.4
199906	7.14	4.77	2.26	-3.59
199907	2.31	-3.49	2.53	-0.76
199908	6.32	-1.38	-1.93	-1.31
199909	6.55	-2.79	2.56	-3.4
199910	10.16	6.12	-7.08	-2.88
199911	7.61	3.37	5.9	-6.51
199912	22.14	7.72	5.41	-8.74
200001	1.68	-4.74	4.16	-0.29
200002	26.15	2.45	18.32	-9.93
200003	-9.32	5.2	-14.91	7.37
200004	-6.53	-6.4	-5.55	8.61
200005	-12.64	-4.42	-3.67	2.56
200006	18.39	4.64	10.39	-9.86
200007	1.46	-2.51	-0.97	8.14
200008	7.16	7.03	-1.1	-0.68
200009	0.77	-5.45	0.21	6.24
200010	0.56	-2.76	-2.8	5.52
200011	-0.81	-10.72	-0.46	11.3
200012	16.75	1.19	3.16	7.33
200101	-42.03	3.13	5.81	-4.9
200102	15.54	-10.05	2.66	12.9
200103	14.69	-7.26	2.31	6.45
200104	-9.49	7.94	-0.64	-4.69
200105	9.09	0.72	3.58	3.14
200106	1.08	-1.94	6.62	-1.06
200107	3.86	-2.13	-2.91	5.58
200108	10.88	-6.46	2.72	2.5
200109	15.46	-9.25	-5.69	1.6
200110	-14.31	2.46	5.41	-8.1
200111	-15.35	7.54	-0.31	2
200112	5.58	1.61	5.13	1.1
200201	1.1	-1.44	1.19	3.33
200202	15.52	-2.29	-0.47	2.5
200203	-2	4.24	4.27	1.11
200204	13.37	-5.2	6.66	3.93
200205	3.33	-1.38	-3.07	1.69
200206	11.06	-7.21	3.77	0.13
200207	-5.16	-8.18	-6.24	-3.41
200208	-3.1	0.5	-1.27	2.49
200209	12.9	-10.35	3.07	1.31
200210	-14.23	7.84	-4.12	-5.46
200211	-20.12	5.96	2.9	-1.15
200212	12.32	-5.76	0.49	2.25
200301	2.89	-2.57	0.81	-0.93
200302	-0.45	-1.88	-0.89	-1.46
200303	3.41	1.09	0.55	-2.09
200304	-15.16	8.22	1.06	1.03
200305	-14.85	6.05	4.83	-0.3
200306	-0.25	1.42	1.68	0.66
200307	-2.08	2.35	4.73	-1.15
200308	0.26	2.34	2.54	2.03
200309	-1.22	-1.24	0.52	0.02
200310	7.92	6.08	2.64	1.76
200311	2.72	1.35	2.2	1.86
200312	-10.23	4.29	-2.7	2.42
200401	1.16	2.15	2.56	1.97
200402	-2.17	1.4	-0.91	0.49
200403	0.49	-1.32	2.1	0.21
200404	-10.33	-1.83	-2.18	-2.62
200405	2.92	1.17	-0.4	-0.39
200406	0.65	1.86	2.56	1.38
200407	-4.38	-4.06	-3.01	4.1
200408	-1.84	0.08	-1.28	1.03
200409	5.13	1.6	3.28	-0.25
200410	-3.27	1.43	0.29	-0.62
200411	5.55	4.54	4.12	1.79
200412	-5.34	3.43	0.01	-0.06
200501	2.82	-2.76	-1.11	1.97
200502	1.3	1.89	-0.3	1.63
200503	1.4	-1.97	-1.41	1.58
200504	-3.33	-2.61	-4.03	-0.34
200505	0.51	3.65	2.72	-0.81
200506	5.3	0.57	3.27	2.62
200507	-1.11	3.92	2.83	-0.51
200508	4.21	-1.22	-0.86	1.27
200509	6.1	0.49	-0.31	0.77
200510	-3.46	-2.02	-1.41	0.23
200511	-0.29	3.61	0.8	-1.18
200512	1.8	-0.25	-0.28	0.44
200601	3.24	3.04	5.78	1.12
200602	-4.42	-0.3	-0.45	-0.25
200603	2.64	1.46	3.45	0.61
200604	0.98	0.73	-0.82	2.59
200605	-6.6	-3.57	-2.99	2.55
200606	-0.55	-0.35	-0.24	0.87
200607	-1.53	-0.78	-3.69	2.94
200608	-8.94	2.03	0.44	-1.72
200609	-0.33	1.84	-1.44	0.05
200610	0.9	3.23	1.93	-0.04
200611	-3.28	1.71	0.82	0.07
200612	1.72	0.87	-0.79	3.16
200701	0.39	1.4	0.08	-0.11
200702	-2.54	-1.96	1.4	-0.09
200703	2.94	0.68	0.06	-0.22
200704	-1.39	3.49	-2.02	-1.15
200705	2.16	3.24	0.29	-0.05
200706	1.46	-1.96	0.76	-1.13
200707	2.86	-3.73	-2.88	-3.34
200708	2.89	0.92	-0.34	-2.24
200709	5.55	3.22	-2.42	-1.87
200710	9.21	1.8	0.03	-2.59
200711	7.72	-4.83	-2.82	-1.18
200712	11.15	-0.87	0.17	-0.52
200801	-16.57	-6.36	-0.51	3.65
200802	15.01	-3.09	-0.52	-0.95
200803	9.48	-0.93	0.74	-0.15
200804	2.99	4.6	-1.15	-0.96
200805	9.46	1.86	3.21	-1.38
200806	20.21	-8.44	1.14	-2.43
200807	-12.04	-0.77	3.67	5.81
200808	2.14	1.53	3.42	1.56
200809	7.93	-9.24	0.38	6.33
200810	11.17	-17.23	-3.22	-2.9
200811	11.68	-7.86	-3.89	-5.94
200812	-3.09	1.74	3.36	-0.24
200901	-3.68	-8.12	-2.06	-11.1
200902	21.08	-10.1	-1.19	-7.25
200903	-39.76	8.95	0.66	3.52
200904	-45.58	10.19	6.73	5.46
200905	-19.18	5.21	-2.33	-0.21
200906	9.24	0.43	2.32	-2.71
200907	-6.51	7.72	2.43	5.27
200908	-25.38	3.33	-0.04	7.76
200909	-3.65	4.08	2.74	0.92
200910	9.14	-2.59	-4.78	-4.18
200911	1.38	5.56	-2.79	-0.17
200912	4.13	2.75	6.22	0.01
201001	-8.69	-3.36	0.3	0.31
201002	7.03	3.4	1.46	3.17
201003	4.07	6.31	1.78	2.1
201004	6.38	2	5.05	2.81
201005	-0.89	-7.89	0.06	-2.38
201006	-4.27	-5.56	-2.5	-4.5
201007	3.37	6.93	0.09	-0.26
201008	-1.42	-4.77	-3.12	-1.96
201009	1.99	9.54	3.73	-3.12
201010	2.03	3.88	0.79	-2.59
201011	6.9	0.6	3.6	-0.9
201012	-9.25	6.82	0.97	3.82
201101	-3.45	1.99	-2.4	0.83
201102	2.63	3.49	1.63	1.08
201103	5.07	0.45	2.66	-1.57
201104	3.4	2.9	-0.52	-2.53
201105	0.64	-1.27	-0.7	-2.07
201106	5.37	-1.75	0.1	-0.33
201107	2.55	-2.36	-1.29	-1.23
201108	5.81	-5.99	-3.21	-2.44
201109	-4.1	-7.59	-3.74	-1.46
201110	-1.21	11.35	3.56	-0.17
201111	6.22	-0.28	-0.27	-0.34
201112	2.18	0.74	-0.45	1.75
201201	-15.83	5.05	2.15	-1.11
201202	-0.76	4.42	-1.63	0.09
201203	0.49	3.11	-0.45	0.87
201204	6.71	-0.85	-0.59	-0.46
201205	8.29	-6.19	-0.08	-0.62
201206	-1.6	3.89	0.96	0.44
201207	4.59	0.79	-2.65	-0.26
201208	1.7	2.55	0.46	1.32
201209	-1.43	2.73	0.68	1.54
201210	-1.92	-1.76	-0.8	3.79
201211	2.96	0.78	0.35	-0.96
201212	-4.38	1.18	1.87	3.56
201301	-3.59	5.57	0.56	0.95
201302	3.01	1.29	-0.37	0.03
201303	-0.07	4.03	0.78	-0.29
201304	-0.96	1.55	-2.29	0.63
201305	0.58	2.8	2.07	2.6
201306	2.15	-1.2	1.4	-0.18
201307	-1.89	5.65	1.8	0.56
201308	-5.35	-2.71	-0.02	-2.78
201309	6.4	3.77	2.68	-1.19
201310	-1.32	4.18	-1.51	1.14
201311	0.45	3.12	1.35	0.24
201312	-0.17	2.81	-0.53	-0.31
201401	5.27	-3.32	0.59	-2.09
201402	1.25	4.65	0.13	-0.4
201403	-7.64	0.43	-1.17	5.08
201404	-4.67	-0.19	-4.17	1.14
201405	2.31	2.06	-1.89	-0.27
201406	-0.52	2.61	3.08	-0.74
201407	2.29	-2.04	-4.25	0.01
201408	0.48	4.24	0.29	-0.58
201409	4.81	-1.97	-3.79	-1.23
201410	-0.16	2.52	3.79	-1.68
201411	5.35	2.55	-2.31	-2.99
201412	-0.36	-0.06	2.87	2.06
201501	8.46	-3.11	-0.86	-3.47
201502	-4.51	6.13	0.2	-1.79
201503	3.83	-1.12	3.04	-0.46
201504	-13.95	0.59	-3.02	1.86
201505	12.81	1.36	0.76	-1.37
201506	5.25	-1.53	2.87	-0.79
201507	20.39	1.54	-4.55	-4.12
201508	-4.16	-6.04	0.4	2.68
201509	12.2	-3.08	-2.78	0.52
201510	-4.62	7.75	-2.16	-0.08
201511	5.84	0.56	3.34	-0.52
201512	3.36	-2.17	-2.98	-2.58
201601	7.17	-5.77	-3.43	2.1
201602	-6.31	-0.07	0.94	-0.48
201603	-8.18	6.96	1.1	1.12
201604	-19.77	0.92	1.17	3.26
201605	6.04	1.78	-0.7	-1.81
201606	1.2	-0.05	0.49	-1.49
201607	-3.19	3.95	2.65	-1.1
201608	-5.8	0.5	1.71	3.33
201609	-1.83	0.25	1.71	-1.5
201610	3.41	-2.02	-4	4.17
201611	-0.81	4.86	6.87	8.32
201612	-1.36	1.82	0.37	3.55
201701	0.35	1.94	-1.28	-2.76
201702	-3.38	3.57	-2.11	-1.78
201703	2.04	0.17	0.76	-3.16
201704	-1.37	1.09	0.49	-1.87
201705	7.87	1.06	-3.07	-3.77
201706	-3.74	0.78	2.48	1.35
201707	2.03	1.87	-1.58	-0.28
201708	3.37	0.16	-1.86	-2.24
201709	-2.59	2.51	4.82	3.03
201710	9.45	2.25	-1.97	-0.06
201711	-7.05	3.12	-0.43	-0.05
201712	-2.13	1.06	-1.02	0.14
201801	12.52	5.58	-3.15	-1.37
201802	4.26	-3.65	0.35	-1.19
201803	-3.45	-2.35	3.52	-0.11
201804	-0.82	0.29	0.94	0.53
201805	6.51	2.65	4.72	-3.16
201806	-3.48	0.48	0.85	-2.39
201807	-1.83	3.19	-1.92	0.4
201808	9.86	3.44	0.76	-4.11
201809	0.3	0.06	-2.51	-1.35
201810	-6.41	-7.68	-4.43	3.41
201811	2.15	1.69	-0.81	0.2
201812	3.85	-9.55	-3	-1.51
201901	-9.39	8.41	3.09	-0.6
201902	-2.75	3.4	1.73	-2.84
201903	-2.78	1.1	-3.56	-4.08
