Date	Spot 	Forward	i_rates	CPI	M1	IP	M1us	IPus	i_us
12/30/1988	1.5020	1.4998	4.875	73.378	124.878	76.169	786.7	63.7411	8.760
1/31/1989	1.5997	1.5874	4.750	73.760	120.558	73.920	785.7	64.5388	9.120
2/28/1989	1.5549	1.5498	6.125	74.142	118.725	72.950	783.8	64.8579	9.360
3/31/1989	1.6625	1.6574	8.188	74.333	120.312	73.258	783	64.4632	9.850
4/28/1989	1.6735	1.6680	7.500	74.715	117.897	78.432	779.2	64.5304	9.840
5/31/1989	1.7060	1.7008	7.000	74.715	117.045	78.608	775	63.5312	9.810
6/30/1989	1.6790	1.6764	7.063	74.906	117.389	77.374	773.5	65.1938	9.530
7/31/1989	1.6065	1.6048	7.000	74.715	113.860	70.613	777.8	62.1793	9.240
8/31/1989	1.6880	1.6959	7.375	75.002	113.740	69.643	779.4	64.8831	8.990
9/29/1989	1.6228	1.6202	7.375	75.288	116.994	70.350	781	65.0006	9.020
10/31/1989	1.6145	1.6139	9.688	75.575	115.491	75.908	786.6	64.5892	8.840
11/30/1989	1.5915	1.5901	7.375	76.435	118.789	77.584	788	63.8335	8.550
12/29/1989	1.5410	1.5428	9.688	77.008	119.620	78.553	792.9	63.9342	8.450
1/31/1990	1.5040	1.5059	8.625	77.486	113.039	77.871	795.4	64.0182	8.230
2/28/1990	1.4915	1.4926	8.688	77.677	110.691	78.137	798.1	64.9754	8.240
3/30/1990	1.4975	1.4984	8.500	77.964	111.390	78.405	801.6	65.2022	8.280
4/30/1990	1.4505	1.4517	8.625	78.155	109.606	79.524	806.2	63.8502	8.260
5/31/1990	1.4330	1.4341	8.875	78.537	110.601	79.163	804.3	64.396	8.180
6/29/1990	1.4155	1.4162	8.938	78.632	112.548	78.168	808.9	66.3022	8.290
7/31/1990	1.3477	1.3488	8.563	78.632	108.025	73.767	810.1	63.9846	8.150
8/31/1990	1.3085	1.3088	7.125	79.492	107.218	73.586	815.6	66.1258	8.130
9/28/1990	1.2995	1.2996	7.250	79.874	111.020	74.852	820.1	66.6296	8.200
10/31/1990	1.2870	1.2873	7.625	80.352	111.084	81.424	819.8	65.7312	8.110
11/30/1990	1.2765	1.2770	7.313	81.117	114.370	82.690	822.1	64.0266	7.810
12/31/1990	1.2770	1.2782	8.750	81.117	119.252	82.509	824.7	63.0861	7.310
1/31/1991	1.2580	1.2590	7.625	81.785	112.977	77.987	827.2	63.464	6.910
2/28/1991	1.3265	1.3279	8.188	82.550	111.887	77.083	832.7	63.2793	6.250
3/29/1991	1.4450	1.4477	8.688	82.550	111.485	76.902	838.7	62.4983	6.120
4/30/1991	1.4490	1.4524	8.438	82.741	112.057	79.374	843.2	62.5487	5.910
5/31/1991	1.4822	1.4848	7.375	83.505	113.930	79.193	848.8	62.8342	5.780
6/28/1991	1.5582	1.5608	7.500	83.792	114.426	78.288	856.7	65.135	5.900
7/31/1991	1.5260	1.5285	7.500	83.792	111.461	73.405	861.5	62.8678	5.820
8/30/1991	1.5285	1.5316	7.750	84.269	111.159	73.495	866.7	65.1434	5.660
9/30/1991	1.4490	1.4526	8.313	84.461	113.294	75.304	870.2	65.7899	5.450
10/31/1991	1.4650	1.4684	6.500	84.556	114.028	84.016	878	65.3113	5.210
11/29/1991	1.4360	1.4402	7.063	85.512	117.474	85.373	887.6	64.1693	4.810
12/31/1991	1.3615	1.3654	7.563	85.320	120.750	84.559	897	63.338	4.430
1/31/1992	1.4290	1.4328	7.125	85.703	115.777	76.872	910.4	63.6907	4.030
2/28/1992	1.4845	1.4890	7.500	86.371	115.855	75.244	925.3	64.6815	4.060
3/31/1992	1.5020	1.5084	9.000	86.563	115.292	74.972	936.7	65.1854	3.980
4/30/1992	1.5170	1.5235	8.625	86.754	115.524	78.831	943.8	64.4632	3.730
5/29/1992	1.4562	1.4630	9.625	86.945	114.763	79.193	950.5	64.9083	3.820
6/30/1992	1.3747	1.3810	8.750	87.327	115.863	78.831	954.3	66.5289	3.760
7/31/1992	1.3155	1.3213	8.250	87.040	110.898	75.455	963.2	64.5808	3.250
8/31/1992	1.2504	1.2551	7.375	87.231	110.737	75.364	973.7	66.8899	3.300
9/30/1992	1.2368	1.2408	7.000	87.327	116.010	76.269	988.1	67.0075	3.220
10/30/1992	1.3743	1.3778	6.250	87.518	116.800	81.665	1003.8	67.3014	3.100
11/30/1992	1.4337	1.4372	6.500	88.378	120.557	81.936	1015.7	66.6716	3.090
12/31/1992	1.4675	1.4710	6.375	88.282	124.059	80.580	1024.9	66.2602	2.920
1/29/1993	1.4880	1.4907	5.250	88.665	122.580	73.736	1030.4	66.806	3.020
2/26/1993	1.5280	1.5312	5.750	89.238	122.942	72.018	1033.5	67.5533	3.030
3/31/1993	1.4910	1.4939	5.625	89.715	126.397	71.566	1038.5	67.6876	3.070
4/30/1993	1.4315	1.4342	5.250	90.002	126.347	74.309	1047.6	66.6128	2.960
5/31/1993	1.4205	1.4229	4.875	90.098	127.387	74.942	1065.9	66.5457	3.000
6/30/1993	1.5140	1.5166	5.375	90.002	129.079	75.394	1075.1	68.4098	3.040
7/30/1993	1.5240	1.5260	4.750	90.002	125.309	74.460	1084.5	66.3189	3.060
8/31/1993	1.4785	1.4809	5.000	90.384	125.923	75.455	1094.2	68.7373	3.030
9/30/1993	1.4257	1.4276	4.625	90.384	128.172	77.173	1104.2	69.1907	3.090
10/29/1993	1.4925	1.4943	4.625	90.480	132.485	82.871	1113	69.1823	2.990
11/30/1993	1.4990	1.5006	4.500	90.289	135.327	83.594	1124.2	68.6029	3.020
12/31/1993	1.4885	1.4899	4.125	90.384	136.593	82.599	1129.6	68.4602	2.960
1/31/1994	1.4568	1.4581	4.250	90.575	135.995	75.666	1131.6	69.3166	3.050
2/28/1994	1.4265	1.4274	4.250	90.862	136.121	74.400	1136.3	69.8457	3.250
3/31/1994	1.4135	1.4142	4.125	90.862	134.777	74.581	1140.3	70.509	3.340
4/29/1994	1.4035	1.4034	3.750	90.958	134.249	79.102	1141.1	69.7197	3.560
5/31/1994	1.4025	1.4024	4.250	90.384	134.844	80.007	1143.3	70.1228	4.010
6/30/1994	1.3335	1.3331	4.000	90.575	135.933	80.188	1145.1	72.5495	4.250
7/29/1994	1.3400	1.3398	4.000	90.480	131.744	77.233	1150.5	69.7617	4.260
8/31/1994	1.3320	1.3312	3.875	90.862	130.951	77.776	1150.6	73.0953	4.470
9/30/1994	1.2875	1.2863	3.875	90.862	134.167	79.404	1151.9	73.6243	4.730
10/31/1994	1.2565	1.2551	3.625	90.862	134.560	85.976	1150.1	73.4899	4.760
11/30/1994	1.3265	1.3239	3.375	90.862	140.283	86.880	1151	72.9945	5.290
12/30/1994	1.3086	1.3061	3.500	90.766	141.404	85.976	1150.7	73.2632	5.450
1/31/1995	1.2855	1.2832	3.625	91.435	141.364	79.042	1151.4	73.7161	5.530
2/28/1995	1.2375	1.2348	3.500	92.295	139.605	77.686	1147.4	74.4441	5.920
3/31/1995	1.1285	1.1260	3.438	92.295	138.909	77.686	1146.7	74.9201	5.980
4/28/1995	1.1440	1.1412	3.375	92.391	139.528	81.574	1149.3	72.9601	6.050
5/31/1995	1.1672	1.1644	3.125	92.200	142.146	82.388	1145.4	73.5668	6.010
6/30/1995	1.1480	1.1451	3.000	92.391	143.478	82.660	1144.2	76.1522	6.000
7/31/1995	1.1525	1.1492	2.500	92.391	141.428	81.182	1145.4	72.9508	5.850
8/31/1995	1.2034	1.2004	2.875	92.677	143.147	81.273	1145.5	76.7402	5.740
9/29/1995	1.1543	1.1509	2.000	92.677	145.240	81.725	1142	77.4402	5.800
10/31/1995	1.1363	1.1324	1.875	92.582	149.562	83.950	1137.3	76.3762	5.760
11/30/1995	1.1761	1.1724	2.000	92.582	156.168	84.067	1134.1	75.7788	5.800
12/29/1995	1.1543	1.1503	1.750	92.582	155.236	83.489	1127.4	75.6295	5.600
1/31/1996	1.2112	1.2074	1.500	92.868	156.767	80.658	1123.5	75.1068	5.560
2/29/1996	1.2015	1.1977	1.250	92.964	158.323	79.853	1118.5	76.8709	5.220
3/29/1996	1.1897	1.1861	1.375	93.155	161.170	79.518	1122.5	77.2162	5.310
4/30/1996	1.2445	1.2407	1.625	93.251	161.414	80.643	1124.8	76.1708	5.220
5/31/1996	1.2486	1.2458	2.625	92.868	158.958	80.507	1116.5	76.7775	5.240
6/28/1996	1.2545	1.2513	2.125	93.060	159.314	80.100	1115.2	79.9602	5.270
7/31/1996	1.1978	1.1948	2.250	92.964	157.850	77.529	1112.4	76.6002	5.400
8/30/1996	1.2017	1.1984	1.750	93.155	157.026	77.999	1101.6	80.2683	5.220
9/30/1996	1.2548	1.2502	1.125	93.251	162.242	79.618	1096.1	81.3509	5.300
10/31/1996	1.2687	1.2648	1.500	93.442	164.612	86.328	1086.1	80.3336	5.240
11/29/1996	1.3050	1.3012	1.625	93.251	171.022	87.287	1083.6	80.1656	5.310
12/31/1996	1.3415	1.3373	1.500	93.346	169.983	86.437	1081.6	79.9602	5.290
1/31/1997	1.4225	1.4184	1.500	93.633	173.875	79.148	1081.5	80.1701	5.250
2/28/1997	1.4790	1.4743	1.625	93.824	175.472	78.153	1078.8	81.7342	5.190
3/31/1997	1.4488	1.4443	1.625	93.633	172.129	78.822	1071.8	82.6895	5.390
4/30/1997	1.4735	1.4685	1.375	93.728	174.607	84.761	1063.8	81.8917	5.510
5/30/1997	1.4142	1.4087	0.500	93.442	178.159	86.054	1064	81.9756	5.500
6/30/1997	1.4618	1.4561	1.250	93.537	177.471	86.307	1065.7	84.4846	5.560
7/31/1997	1.5125	1.5072	1.250	93.442	178.270	82.361	1066.2	81.2408	5.520
8/29/1997	1.4925	1.4871	1.000	93.633	177.684	82.904	1074.3	85.7758	5.540
9/30/1997	1.4476	1.4421	1.125	93.633	178.160	84.776	1067.7	87.2454	5.540
10/31/1997	1.3995	1.3950	1.500	93.633	179.830	92.258	1065.5	87.13	5.500
11/28/1997	1.4269	1.4214	1.188	93.633	183.109	93.578	1070	87.3924	5.520
12/31/1997	1.4619	1.4563	1.000	93.633	184.761	93.018	1072.7	87.2769	5.500
1/30/1998	1.4762	1.4710	0.625	93.633	188.653	86.512	1074.4	86.941	5.560
2/27/1998	1.4653	1.4593	0.625	93.728	195.730	85.237	1077.9	88.0433	5.510
3/31/1998	1.5223	1.5166	1.375	93.633	193.684	85.129	1077.5	88.8516	5.490
4/30/1998	1.5013	1.4959	1.375	93.728	191.909	88.610	1076.1	86.7835	5.450
5/29/1998	1.4831	1.4782	1.500	93.537	189.304	89.017	1078.4	88.0747	5.490
6/30/1998	1.5203	1.5156	2.125	93.633	187.766	88.773	1077	89.5444	5.560
7/31/1998	1.4917	1.4868	1.500	93.537	187.429	85.695	1075	86.3111	5.540
8/31/1998	1.4425	1.4376	1.375	93.728	188.886	85.786	1074.8	91.0246	5.550
9/30/1998	1.3785	1.3738	1.000	93.728	189.872	86.862	1080.2	90.7621	5.510
10/30/1998	1.3515	1.3467	0.750	93.633	196.289	92.168	1086	91.2975	5.070
11/30/1998	1.3940	1.3892	1.500	93.537	199.656	92.783	1094.5	90.2897	4.830
12/31/1998	1.3753	1.3708	0.875	93.537	194.534	91.951	1095.8	90.1218	4.680
1/29/1999	1.4160	1.4119	1.000	93.728	201.287	86.030	1097.8	90.2897	4.630
2/26/1999	1.4463	1.4412	1.125	94.015	206.120	85.035	1097	91.14	4.760
3/31/1999	1.4823	1.4777	1.000	94.110	203.007	85.324	1097.8	92.5677	4.810
4/30/1999	1.5255	1.5205	0.875	94.302	209.720	89.406	1101.9	90.6781	4.740
5/31/1999	1.5272	1.5223	0.875	94.015	210.485	90.383	1102.6	91.5704	4.740
6/30/1999	1.5494	1.5440	1.000	94.206	209.425	90.763	1099.7	93.9534	4.760
7/30/1999	1.4908	1.4854	0.750	94.206	210.173	88.086	1098.7	90.3632	4.990
8/31/1999	1.5146	1.5086	0.750	94.684	209.690	89.117	1099	94.6357	5.070
9/30/1999	1.4956	1.4902	1.125	94.875	208.585	91.396	1096.3	94.2473	5.220
10/29/1999	1.5209	1.5156	0.875	94.875	210.974	98.880	1102.3	95.1291	5.200
11/30/1999	1.5862	1.5799	0.875	94.779	214.715	100.687	1111.7	94.4888	5.420
12/31/1999	1.5907	1.5845	1.094	95.066	206.942	100.774	1122.6	94.7302	5.300
1/31/2000	1.6576	1.6526	2.063	95.186	212.697	95.679	1121.9	94.6462	5.450
2/29/2000	1.6653	1.6598	1.800	95.544	209.974	94.922	1109.4	95.4021	5.730
3/31/2000	1.6653	1.6604	2.350	95.511	206.603	95.041	1108.2	97.1447	5.850
4/28/2000	1.7157	1.7106	2.950	95.595	206.650	97.882	1113.4	95.6015	6.020
5/31/2000	1.6800	1.6746	2.700	95.548	206.826	98.370	1105.8	95.864	6.270
6/30/2000	1.6343	1.6292	3.050	95.903	201.797	98.351	1103.3	98.9397	6.530
7/31/2000	1.6699	1.6647	3.000	95.974	198.813	95.525	1103	94.4153	6.540
8/31/2000	1.7424	1.7375	2.960	95.726	199.824	96.216	1100.3	97.9005	6.500
9/29/2000	1.7247	1.7198	3.100	96.206	198.381	98.125	1099	98.4464	6.520
10/31/2000	1.7973	1.7919	3.080	96.103	201.560	105.163	1098.6	97.5016	6.510
11/30/2000	1.7290	1.7241	2.930	96.561	208.389	106.571	1092.3	96.4728	6.510
12/29/2000	1.6111	1.6066	3.500	96.488	202.840	106.262	1087.6	96.1579	6.400
1/31/2001	1.6354	1.6327	3.360	96.419	206.020	101.000	1097.6	95.1501	5.980
2/28/2001	1.6681	1.6655	3.300	96.289	204.168	99.682	1101.5	95.0346	5.490
3/30/2001	1.7428	1.7404	3.350	96.443	199.974	99.074	1109.8	95.8849	5.310
4/30/2001	1.7330	1.7310	3.100	96.710	203.333	101.020	1114.9	92.4942	4.800
5/31/2001	1.7979	1.7968	3.250	97.235	206.740	100.445	1119.5	93.1241	4.210
6/29/2001	1.7921	1.7912	3.250	97.419	204.006	99.194	1126.4	95.2446	3.970
7/31/2001	1.7265	1.7258	3.200	97.272	201.490	94.901	1139.6	90.9406	3.770
8/31/2001	1.6618	1.6615	3.300	96.732	201.856	94.074	1149.6	94.3523	3.650
9/28/2001	1.6204	1.6199	2.120	96.855	205.344	94.347	1203.9	93.6175	3.070
10/31/2001	1.6337	1.6335	2.150	96.708	208.754	99.080	1165.9	92.3997	2.490
11/30/2001	1.6415	1.6416	2.180	96.838	216.409	99.033	1171.5	90.8671	2.090
12/31/2001	1.6603	1.6602	1.650	96.802	220.247	97.566	1182.2	90.5942	1.820
1/31/2002	1.7193	1.7190	1.420	96.922	215.161	90.652	1190.4	91.182	1.730
2/28/2002	1.6966	1.6964	1.680	96.919	217.420	89.366	1190.7	91.5599	1.740
3/29/2002	1.6813	1.6808	1.320	96.935	217.201	89.680	1193.2	93.1031	1.730
4/30/2002	1.6175	1.6170	1.510	97.771	216.802	95.247	1185.8	92.1688	1.750
5/31/2002	1.5678	1.5669	1.030	97.865	216.211	96.025	1189.3	92.7462	1.750
6/28/2002	1.4810	1.4801	1.020	97.736	221.329	95.665	1192.2	96.4098	1.750
7/31/2002	1.4852	1.4839	0.640	97.221	223.162	91.206	1199.6	91.8224	1.730
8/30/2002	1.4988	1.4974	0.600	97.189	225.922	90.791	1185.9	95.9794	1.740
9/30/2002	1.4752	1.4737	0.650	97.336	228.976	91.461	1194.6	95.8325	1.750
10/31/2002	1.4767	1.4755	0.530	97.905	230.981	96.277	1203.8	94.6882	1.750
11/29/2002	1.4832	1.4823	0.590	97.725	239.332	96.815	1209.4	93.649	1.340
12/31/2002	1.3836	1.3827	0.440	97.665	240.382	96.139	1220.4	93.0296	1.240
1/31/2003	1.3639	1.3631	0.480	97.743	239.671	91.397	1226.3	93.8274	1.240
2/28/2003	1.3520	1.3512	0.490	97.839	242.831	90.430	1238.6	94.9192	1.260
3/31/2003	1.3514	1.3502	0.170	98.233	264.623	90.385	1239.2	95.7695	1.250
4/30/2003	1.3547	1.3535	0.110	98.428	273.121	93.097	1248.3	92.7567	1.260
5/30/2003	1.2979	1.2967	0.100	98.270	273.049	93.525	1268.1	93.2815	1.260
6/30/2003	1.3509	1.3498	0.130	98.272	272.867	93.502	1280.3	95.9374	1.220
7/31/2003	1.3709	1.3699	0.080	97.484	274.083	91.307	1287.9	91.9169	1.010
8/29/2003	1.3999	1.3989	0.080	97.711	280.157	91.671	1294.1	96.1684	1.030
9/30/2003	1.3192	1.3181	0.110	97.853	282.837	92.873	1296.8	96.2944	1.010
10/31/2003	1.3395	1.3385	0.100	98.349	291.615	97.411	1297.3	95.486	1.010
11/28/2003	1.2910	1.2899	0.110	98.225	297.166	98.416	1298.2	95.1501	1.000
12/31/2003	1.2391	1.2382	0.090	98.245	290.522	98.385	1306.9	94.9192	0.980
1/30/2004	1.2565	1.2556	0.100	97.911	297.340	94.994	1305.3	94.9822	1.000
2/27/2004	1.2623	1.2613	0.090	97.928	300.180	94.636	1321.9	96.5568	1.010
3/31/2004	1.2659	1.2650	0.100	98.137	294.720	94.986	1330.5	96.7353	1.000
4/30/2004	1.2956	1.2946	0.120	98.965	297.603	97.837	1332	94.8037	1.000
5/31/2004	1.2541	1.2532	0.100	99.194	297.996	98.259	1331.7	96.1789	1.000
6/30/2004	1.2487	1.2477	0.360	99.365	290.805	98.044	1342.6	98.1524	1.030
7/30/2004	1.2815	1.2803	0.220	98.325	284.188	95.122	1340.3	95.0661	1.260
8/31/2004	1.2664	1.2650	0.180	98.689	283.296	95.186	1353.2	98.6038	1.430
9/30/2004	1.2461	1.2448	0.540	98.695	278.359	96.164	1361.2	98.016	1.610
10/29/2004	1.1943	1.1929	0.580	99.620	278.392	101.077	1360.9	98.2154	1.760
11/30/2004	1.1413	1.1397	0.450	99.716	282.504	101.622	1376.5	97.3651	1.930
12/31/2004	1.1404	1.1387	0.550	99.553	276.297	100.817	1377.1	98.1104	2.160
1/31/2005	1.1889	1.1872	0.600	99.091	284.209	94.872	1365.8	98.6248	2.280
2/28/2005	1.1631	1.1610	0.630	99.309	284.578	94.211	1372.9	99.6011	2.500
3/31/2005	1.1965	1.1944	0.750	99.552	279.701	95.045	1373	100.115	2.630
4/29/2005	1.1951	1.1926	0.640	100.367	276.220	100.918	1357.6	98.9817	2.790
5/31/2005	1.2483	1.2456	0.660	100.267	276.871	102.081	1365.4	99.1917	3.000
6/30/2005	1.2814	1.2786	0.580	100.042	282.891	102.079	1378.5	102.393	3.040
7/29/2005	1.2894	1.2860	0.630	99.494	283.289	97.775	1366.5	98.7613	3.260
8/31/2005	1.2530	1.2498	0.630	99.638	282.987	97.797	1376.1	102.236	3.500
9/30/2005	1.2939	1.2905	0.630	100.074	286.607	99.007	1377.5	99.7481	3.620
10/31/2005	1.2886	1.2850	0.610	100.949	288.662	104.466	1374.7	99.7166	3.780
11/30/2005	1.3152	1.3115	0.630	100.665	293.821	105.757	1377.9	99.7691	4.000
12/30/2005	1.3134	1.3092	0.630	100.555	290.301	105.942	1375.3	100.808	4.160
1/31/2006	1.2779	1.2743	0.750	100.370	288.910	102.492	1380.2	100.199	4.290
2/28/2006	1.3117	1.3075	0.910	100.683	287.608	102.358	1380.6	100.819	4.490
3/31/2006	1.3042	1.3002	1.030	100.576	282.875	103.013	1384.5	102.173	4.590
4/28/2006	1.2388	1.2344	1.220	101.430	284.529	106.221	1380	99.7796	4.790
5/31/2006	1.2192	1.2152	1.160	101.631	281.516	107.129	1386.3	101.144	4.940
6/30/2006	1.2231	1.2187	1.270	101.601	279.462	107.502	1372.8	104.524	4.990
7/31/2006	1.2312	1.2267	1.300	100.907	279.644	105.323	1368.5	101.564	5.240
8/31/2006	1.2305	1.2267	1.330	101.088	281.023	106.137	1368.8	104.881	5.250
9/29/2006	1.2506	1.2468	1.610	100.867	280.699	107.928	1361.5	103.979	5.250
10/31/2006	1.2442	1.2403	1.590	101.208	282.109	113.927	1369.1	102.866	5.250
11/30/2006	1.1978	1.1943	1.870	101.168	282.646	115.247	1372.4	101.785	5.250
12/29/2006	1.2201	1.2166	1.940	101.178	278.368	115.121	1367.9	103.128	5.240
1/31/2007	1.2441	1.2410	2.020	100.474	279.104	109.773	1374	102.477	5.250
2/28/2007	1.2196	1.2163	1.940	100.675	279.099	109.583	1367.1	103.926	5.260
3/30/2007	1.2155	1.2124	1.980	100.746	269.838	110.776	1369.1	104.86	5.260
4/30/2007	1.2073	1.2040	2.100	101.892	272.339	116.308	1379.2	103.527	5.250
5/31/2007	1.2253	1.2222	2.180	102.123	270.302	118.053	1380.8	104.451	5.250
6/29/2007	1.2215	1.2187	2.560	102.244	267.226	118.967	1364.6	107.306	5.250
7/31/2007	1.2011	1.1982	2.500	101.641	262.584	116.698	1368.6	104.189	5.260
8/31/2007	1.2084	1.2050	2.350	101.520	259.935	117.711	1371.8	107.359	5.020
9/28/2007	1.1637	1.1610	2.200	101.621	262.127	119.655	1372.4	106.96	4.940
10/31/2007	1.1581	1.1556	2.090	102.485	263.947	126.823	1379	105.018	4.760
11/30/2007	1.1318	1.1291	2.060	102.958	271.936	127.411	1375.5	104.598	4.490
12/31/2007	1.1335	1.1312	2.000	103.209	270.223	125.710	1375.8	105.039	4.240
1/31/2008	1.0814	1.0808	2.380	102.908	267.750	115.319	1381.1	104.65	3.940
2/29/2008	1.0412	1.0407	2.320	103.049	267.360	113.845	1387	104.367	2.980
3/31/2008	0.9931	0.9929	2.620	103.401	267.334	114.885	1389.7	104.566	2.610
4/30/2008	1.0345	1.0340	1.830	104.215	270.721	124.312	1392.1	102.561	2.280
5/30/2008	1.0423	1.0420	1.950	105.050	264.960	125.976	1391.5	102.267	1.980
6/30/2008	1.0210	1.0206	1.820	105.221	260.120	125.750	1398.1	104.766	2.000
7/31/2008	1.0470	1.0467	1.970	104.768	256.180	120.100	1415.1	102.278	2.010
8/29/2008	1.1012	1.1008	1.980	104.486	258.540	118.744	1400	103.338	2.000
9/30/2008	1.1221	1.1179	1.700	104.597	259.460	118.147	1459.5	98.5828	1.810
10/31/2008	1.1578	1.1574	0.300	105.150	275.830	121.711	1472.7	98.2364	0.970
11/28/2008	1.2136	1.2110	0.050	104.456	301.020	120.083	1518.1	96.6906	0.390
12/31/2008	1.0687	1.0683	0.010	103.933	328.630	116.664	1594.7	95.7252	0.160
1/30/2009	1.1619	1.1615	0.000	103.049	343.360	106.282	1573.8	93.5352	0.150
2/27/2009	1.1689	1.1683	0.000	103.300	355.413	103.162	1562	92.4189	0.220
3/31/2009	1.1394	1.1387	0.050	102.958	364.718	102.131	1564.2	91.4682	0.180
4/30/2009	1.1405	1.1400	0.050	103.873	375.905	105.829	1592.7	88.6388	0.150
5/29/2009	1.0669	1.0665	0.050	104.034	375.920	106.996	1593	88.9887	0.180
6/30/2009	1.0859	1.0855	0.050	104.225	374.000	108.271	1641	91.4803	0.210
7/31/2009	1.0685	1.0682	0.050	103.531	382.000	109.317	1649.9	91.0656	0.160
8/31/2009	1.0590	1.0587	0.050	103.642	385.000	111.062	1648.3	94.1515	0.160
9/30/2009	1.0363	1.0361	0.050	103.632	386.426	113.170	1660.9	93.4707	0.150
10/30/2009	1.0263	1.0261	0.050	104.275	392.603	118.605	1674.6	92.8307	0.120
11/30/2009	1.0053	1.0051	0.050	104.476	393.027	119.211	1687.6	92.8645	0.120
12/31/2009	1.0352	1.0350	0.050	104.225	399.607	117.954	1696.4	94.1047	0.120
1/29/2010	1.0606	1.0604	0.050	104.074	395.781	110.023	1679.8	94.9541	0.110
2/26/2010	1.0735	1.0733	0.050	104.275	398.684	108.648	1713.7	94.5125	0.130
3/31/2010	1.0539	1.0536	0.050	104.376	401.383	109.019	1712.2	95.4757	0.160
4/30/2010	1.0776	1.0772	0.050	105.281	407.463	114.162	1700.6	94.2857	0.200
5/31/2010	1.1549	1.1540	0.020	105.180	416.011	115.754	1705.2	96.1523	0.200
6/30/2010	1.0774	1.0769	0.030	104.773	421.786	116.821	1727.4	97.2543	0.180
7/30/2010	1.0412	1.0409	0.050	103.934	417.777	115.627	1731	98.1132	0.180
8/31/2010	1.0151	1.0148	0.080	103.934	427.568	116.948	1751.5	98.2354	0.190
9/30/2010	0.9825	0.9822	0.080	103.934	424.580	119.046	1774.5	98.5334	0.190
10/29/2010	0.9824	0.9822	0.050	104.458	426.674	121.921	1784.1	98.3958	0.190
