Date	Spot 	Forward	i_rates	CPI	M1	IP	M1us	IPus	i_us
12/30/1988	0.8555	0.8519	14.589	61.803	40088.000	72.568	786.7	63.7411	8.760
1/31/1989	0.8890	0.8860	14.820	62.002	40776.000	72.362	785.7	64.5388	9.120
2/28/1989	0.8015	0.7973	15.767	62.304	40968.000	72.431	783.8	64.8579	9.360
3/31/1989	0.8195	0.8151	16.507	62.709	41153.000	72.775	783	64.4632	9.850
4/28/1989	0.7942	0.7897	16.711	63.365	40086.000	73.762	779.2	64.5304	9.840
5/31/1989	0.7525	0.7476	17.291	63.866	40241.000	74.382	775	63.5312	9.810
6/30/1989	0.7560	0.7502	17.728	64.359	40312.000	75.002	773.5	65.1938	9.530
7/31/1989	0.7605	0.7542	17.921	64.870	40326.000	75.989	777.8	62.1793	9.240
8/31/1989	0.7650	0.7592	17.860	65.331	40353.000	76.333	779.4	64.8831	8.990
9/29/1989	0.7785	0.7730	18.062	65.766	40298.000	76.402	781	65.0006	9.020
10/31/1989	0.7825	0.7761	18.046	66.154	40760.000	75.369	786.6	64.5892	8.840
11/30/1989	0.7865	0.7808	18.185	66.553	41055.000	75.507	788	63.8335	8.550
12/29/1989	0.7890	0.7829	18.157	66.941	43515.000	75.989	792.9	63.9342	8.450
1/31/1990	0.7736	0.7671	17.806	67.315	40534.000	77.953	795.4	64.0182	8.230
2/28/1990	0.7606	0.7558	16.802	67.686	40551.000	78.271	798.1	64.9754	8.240
3/30/1990	0.7555	0.7514	16.425	68.051	40966.000	78.079	801.6	65.2022	8.280
4/30/1990	0.7533	0.7468	15.171	68.479	41679.000	76.440	806.2	63.8502	8.260
5/31/1990	0.7688	0.7637	15.017	68.777	41194.000	75.935	804.3	64.396	8.180
6/29/1990	0.7950	0.7888	15.051	69.016	41897.000	75.625	808.9	66.3022	8.290
7/31/1990	0.7968	0.7939	15.019	68.926	42363.000	75.720	810.1	63.9846	8.150
8/31/1990	0.8145	0.8107	14.068	69.247	42152.000	75.644	815.6	66.1258	8.130
9/28/1990	0.8265	0.8229	14.050	69.709	43235.000	75.605	820.1	66.6296	8.200
10/31/1990	0.7863	0.7832	13.468	70.790	43296.000	75.825	819.8	65.7312	8.110
11/30/1990	0.7729	0.7706	13.047	71.177	43901.000	75.698	822.1	64.0266	7.810
12/31/1990	0.7715	0.7688	12.677	71.349	46696.000	75.446	824.7	63.0861	7.310
1/31/1991	0.7847	0.7772	12.021	70.976	44409.000	74.912	827.2	63.464	6.910
2/28/1991	0.7877	0.7846	12.013	70.961	43685.000	74.522	832.7	63.2793	6.250
3/29/1991	0.7775	0.7740	12.021	70.976	44232.000	74.122	838.7	62.4983	6.120
4/30/1991	0.7838	0.7810	11.579	71.021	44070.000	73.459	843.2	62.5487	5.910
5/31/1991	0.7597	0.7573	10.992	71.095	44086.000	73.224	848.8	62.8342	5.780
6/28/1991	0.7673	0.7645	10.542	71.200	44801.000	73.166	856.7	65.135	5.900
7/31/1991	0.7779	0.7751	10.485	71.334	45762.000	73.587	861.5	62.8678	5.820
8/30/1991	0.7848	0.7823	10.520	71.498	46895.000	73.656	866.7	65.1434	5.660
9/30/1991	0.7975	0.7961	9.594	71.691	46764.000	73.674	870.2	65.7899	5.450
10/31/1991	0.7834	0.7811	9.494	72.054	47663.000	73.581	878	65.3113	5.210
11/29/1991	0.7848	0.7823	8.640	72.203	48457.000	73.547	887.6	64.1693	4.810
12/31/1991	0.7622	0.7602	8.515	72.278	50228.000	73.509	897	63.338	4.430
1/31/1992	0.7509	0.7478	7.751	72.208	49817.000	73.420	910.4	63.6907	4.030
2/28/1992	0.7550	0.7518	7.519	72.186	49789.000	73.413	925.3	64.6815	4.060
3/31/1992	0.7705	0.7687	7.536	72.141	50148.000	73.439	936.7	65.1854	3.980
4/30/1992	0.7566	0.7564	7.505	72.005	50827.000	73.549	943.8	64.4632	3.730
5/29/1992	0.7578	0.7564	6.690	71.967	50515.000	73.603	950.5	64.9083	3.820
6/30/1992	0.7472	0.7455	6.571	71.960	51419.000	73.652	954.3	66.5289	3.760
7/31/1992	0.7441	0.7429	5.934	71.982	56318.000	73.647	963.2	64.5808	3.250
8/31/1992	0.7154	0.7140	5.862	72.034	56724.000	73.722	973.7	66.8899	3.300
9/30/1992	0.7132	0.7114	5.741	72.116	58158.000	73.828	988.1	67.0075	3.220
10/30/1992	0.6958	0.6945	5.739	72.218	58038.000	73.925	1003.8	67.3014	3.100
11/30/1992	0.6825	0.6820	5.771	72.367	58897.000	74.124	1015.7	66.6716	3.090
12/31/1992	0.6895	0.6875	5.793	72.554	60299.000	74.384	1024.9	66.2602	2.920
1/29/1993	0.6802	0.6790	5.751	72.887	59920.000	74.787	1030.4	66.806	3.020
2/26/1993	0.6952	0.6949	5.740	73.065	60133.000	75.109	1033.5	67.5533	3.030
3/31/1993	0.7055	0.7044	5.616	73.200	61247.000	75.430	1038.5	67.6876	3.070
4/30/1993	0.7073	0.7062	5.248	73.219	61934.000	75.977	1047.6	66.6128	2.960
5/31/1993	0.6785	0.6776	5.259	73.316	61740.000	76.129	1065.9	66.5457	3.000
6/30/1993	0.6655	0.6644	5.271	73.421	63921.000	76.111	1075.1	68.4098	3.040
7/30/1993	0.6900	0.6892	5.240	73.572	64842.000	75.443	1084.5	66.3189	3.060
8/31/1993	0.6735	0.6728	4.771	73.662	63159.000	75.447	1094.2	68.7373	3.030
9/30/1993	0.6460	0.6454	4.723	73.729	64920.000	75.643	1104.2	69.1907	3.090
10/29/1993	0.6665	0.6658	4.688	73.724	66464.000	76.161	1113	69.1823	2.990
11/30/1993	0.6594	0.6588	4.711	73.783	67720.000	76.641	1124.2	68.6029	3.020
12/31/1993	0.6793	0.6785	4.725	73.858	71025.000	77.213	1129.6	68.4602	2.960
1/31/1994	0.7086	0.7078	4.706	73.928	70475.000	78.200	1131.6	69.3166	3.050
2/28/1994	0.7135	0.7128	4.711	74.047	70637.000	78.715	1136.3	69.8457	3.250
3/31/1994	0.7045	0.7039	4.722	74.196	72201.000	79.080	1140.3	70.509	3.340
4/29/1994	0.7155	0.7150	4.689	74.424	72337.000	79.048	1141.1	69.7197	3.560
5/31/1994	0.7371	0.7369	4.673	74.596	72005.000	79.299	1143.3	70.1228	4.010
6/30/1994	0.7285	0.7281	4.682	74.760	73458.000	79.585	1145.1	72.5495	4.250
7/29/1994	0.7395	0.7392	4.659	74.887	74682.000	80.085	1150.5	69.7617	4.260
8/31/1994	0.7429	0.7424	5.005	75.058	74535.000	80.308	1150.6	73.0953	4.470
9/30/1994	0.7402	0.7397	5.442	75.244	74890.000	80.431	1151.9	73.6243	4.730
10/31/1994	0.7426	0.7416	5.710	75.366	76221.000	80.422	1150.1	73.4899	4.760
11/30/1994	0.7688	0.7681	6.428	75.642	76474.000	80.374	1151	72.9945	5.290
12/30/1994	0.7754	0.7743	6.961	75.992	78761.000	80.253	1150.7	73.2632	5.450
1/31/1995	0.7567	0.7557	7.493	76.556	76216.000	79.925	1151.4	73.7161	5.530
2/28/1995	0.7390	0.7380	7.482	76.951	75587.000	79.760	1147.4	74.4441	5.920
3/31/1995	0.7345	0.7336	7.492	77.316	75612.000	79.623	1146.7	74.9201	5.980
4/28/1995	0.7282	0.7272	7.507	77.622	75286.000	79.233	1149.3	72.9601	6.050
5/31/1995	0.7178	0.7169	7.499	77.950	74987.000	79.362	1145.4	73.5668	6.010
6/30/1995	0.7103	0.7094	7.509	78.270	75188.000	79.730	1144.2	76.1522	6.000
7/31/1995	0.7386	0.7375	7.508	78.623	76890.000	80.833	1145.4	72.9508	5.850
8/31/1995	0.7510	0.7500	7.510	78.899	76743.000	81.303	1145.5	76.7402	5.740
9/29/1995	0.7557	0.7546	7.493	79.137	76914.000	81.638	1142	77.4402	5.800
10/31/1995	0.7596	0.7585	7.485	79.329	78156.000	81.478	1137.3	76.3762	5.760
11/30/1995	0.7438	0.7428	7.502	79.500	80930.000	81.812	1134.1	75.7788	5.800
12/29/1995	0.7428	0.7416	7.508	79.642	83898.000	82.280	1127.4	75.6295	5.600
1/31/1996	0.7464	0.7451	7.500	79.684	82846.000	83.358	1123.5	75.1068	5.560
2/29/1996	0.7647	0.7633	7.503	79.818	82691.000	83.737	1118.5	76.8709	5.220
3/29/1996	0.7829	0.7815	7.519	79.975	83954.000	83.894	1122.5	77.2162	5.310
4/30/1996	0.7875	0.7860	7.494	80.233	84878.000	83.503	1124.8	76.1708	5.220
5/31/1996	0.7987	0.7973	7.512	80.375	84525.000	83.459	1116.5	76.7775	5.240
6/28/1996	0.7881	0.7867	7.511	80.479	84772.000	83.437	1115.2	79.9602	5.270
7/31/1996	0.7727	0.7716	7.506	80.506	86477.000	83.458	1112.4	76.6002	5.400
8/30/1996	0.7896	0.7886	7.006	80.566	86601.000	83.464	1101.6	80.2683	5.220
9/30/1996	0.7914	0.7904	7.006	80.618	86680.000	83.477	1096.1	81.3509	5.300
10/31/1996	0.7917	0.7907	7.003	80.653	89700.000	83.523	1086.1	80.3336	5.240
11/29/1996	0.8161	0.8154	6.575	80.698	93164.000	83.527	1083.6	80.1656	5.310
12/31/1996	0.7942	0.7938	6.229	80.742	95465.000	83.517	1081.6	79.9602	5.290
1/31/1997	0.7624	0.7621	6.036	80.837	93010.000	83.235	1081.5	80.1701	5.250
2/28/1997	0.7785	0.7781	6.006	80.844	94142.000	83.388	1078.8	81.7342	5.190
3/31/1997	0.7857	0.7854	6.039	80.814	94122.000	83.719	1071.8	82.6895	5.390
4/30/1997	0.7806	0.7803	6.054	80.718	95837.000	84.601	1063.8	81.8917	5.510
5/30/1997	0.7602	0.7603	5.910	80.636	96129.000	85.007	1064	81.9756	5.500
6/30/1997	0.7540	0.7542	5.570	80.539	96879.000	85.312	1065.7	84.4846	5.560
7/31/1997	0.7478	0.7482	5.443	80.328	99540.000	85.296	1066.2	81.2408	5.520
8/29/1997	0.7323	0.7327	4.975	80.275	100592.000	85.561	1074.3	85.7758	5.540
9/30/1997	0.7251	0.7256	4.984	80.283	100915.000	85.888	1067.7	87.2454	5.540
10/31/1997	0.7012	0.7016	4.983	80.429	104476.000	86.545	1065.5	87.13	5.500
11/28/1997	0.6813	0.6819	5.004	80.496	105859.000	86.797	1070	87.3924	5.520
12/31/1997	0.6504	0.6508	5.025	80.563	108136.000	86.913	1072.7	87.2769	5.500
1/30/1998	0.6833	0.6836	5.001	80.591	106983.000	86.597	1074.4	86.941	5.560
2/27/1998	0.6800	0.6803	4.983	80.688	105595.000	86.658	1077.9	88.0433	5.510
3/31/1998	0.6624	0.6628	4.996	80.814	103864.000	86.803	1077.5	88.8516	5.490
4/30/1998	0.6493	0.6497	4.980	81.050	106343.000	87.079	1076.1	86.7835	5.450
5/29/1998	0.6230	0.6233	5.000	81.177	107606.000	87.354	1078.4	88.0747	5.490
6/30/1998	0.6208	0.6210	5.072	81.274	108136.000	87.675	1077	89.5444	5.560
7/31/1998	0.6056	0.6059	4.980	81.272	110186.000	88.252	1075	86.3111	5.540
8/31/1998	0.5678	0.5680	4.970	81.361	109461.000	88.510	1074.8	91.0246	5.550
9/30/1998	0.5935	0.5937	4.970	81.473	109411.000	88.658	1080.2	90.7621	5.510
10/30/1998	0.6250	0.6252	4.969	81.706	110995.000	88.212	1086	91.2975	5.070
11/30/1998	0.6289	0.6293	4.980	81.788	112994.000	88.502	1094.5	90.2897	4.830
12/31/1998	0.6103	0.6104	4.752	81.818	114736.000	89.044	1095.8	90.1218	4.680
1/29/1999	0.6303	0.6304	4.717	81.667	115004.000	90.836	1097.8	90.2897	4.630
2/26/1999	0.6188	0.6189	4.720	81.689	114476.000	91.137	1097	91.14	4.760
3/31/1999	0.6343	0.6344	4.740	81.756	113959.000	90.945	1097.8	92.5677	4.810
4/30/1999	0.6613	0.6613	4.740	81.868	115529.000	89.045	1101.9	90.6781	4.740
5/31/1999	0.6489	0.6489	4.750	82.024	115803.000	88.775	1102.6	91.5704	4.740
6/30/1999	0.6674	0.6676	4.760	82.226	116329.000	88.920	1099.7	93.9534	4.760
7/30/1999	0.6522	0.6525	4.740	82.571	117076.000	90.064	1098.7	90.3632	4.990
8/31/1999	0.6407	0.6410	4.730	82.787	117356.000	90.605	1099	94.6357	5.070
9/30/1999	0.6520	0.6523	4.750	82.973	118737.000	91.125	1096.3	94.2473	5.220
10/29/1999	0.6390	0.6392	4.750	83.050	119914.000	91.347	1102.3	95.1291	5.200
11/30/1999	0.6356	0.6362	4.980	83.237	121667.000	92.033	1111.7	94.4888	5.420
12/31/1999	0.6567	0.6570	4.970	83.453	125832.000	92.907	1122.6	94.7302	5.300
1/31/2000	0.6370	0.6373	4.980	83.749	125021.000	94.536	1121.9	94.6462	5.450
2/29/2000	0.6178	0.6180	5.460	83.987	123552.000	95.358	1109.4	95.4021	5.730
3/31/2000	0.6071	0.6073	5.490	84.218	123201.000	95.940	1108.2	97.1447	5.850
4/28/2000	0.5839	0.5840	5.720	84.064	125570.000	95.662	1113.4	95.6015	6.020
5/31/2000	0.5725	0.5728	5.980	84.563	127189.000	96.232	1105.8	95.864	6.270
6/30/2000	0.5974	0.5977	6.000	85.339	127758.000	97.029	1103.3	98.9397	6.530
7/31/2000	0.5808	0.5811	5.990	87.185	127839.000	98.825	1103	94.4153	6.540
8/31/2000	0.5764	0.5765	6.240	87.915	130523.000	99.496	1100.3	97.9005	6.500
9/29/2000	0.5428	0.5429	6.240	88.325	130831.000	99.816	1099	98.4464	6.520
10/31/2000	0.5185	0.5187	6.230	87.888	133443.000	99.902	1098.6	97.5016	6.510
11/30/2000	0.5278	0.5281	6.220	88.052	133581.000	99.427	1092.3	96.4728	6.510
12/29/2000	0.5588	0.5590	6.230	88.290	137620.000	98.510	1087.6	96.1579	6.400
1/31/2001	0.5506	0.5505	6.240	88.732	137095.000	95.901	1097.6	95.1501	5.980
2/28/2001	0.5263	0.5261	5.840	89.023	136751.000	95.039	1101.5	95.0346	5.490
3/30/2001	0.4856	0.4856	5.540	89.291	140550.000	94.675	1109.8	95.8849	5.310
4/30/2001	0.5124	0.5122	5.050	89.577	141670.000	95.558	1114.9	92.4942	4.800
5/31/2001	0.5065	0.5061	4.990	89.771	143292.000	95.625	1119.5	93.1241	4.210
6/29/2001	0.5119	0.5114	5.000	89.913	150347.000	95.625	1126.4	95.2446	3.970
7/31/2001	0.5100	0.5094	5.000	89.853	149070.000	95.293	1139.6	90.9406	3.770
8/31/2001	0.5296	0.5291	4.990	90.002	149201.000	95.360	1149.6	94.3523	3.650
9/28/2001	0.4913	0.4906	4.750	90.211	155270.000	95.558	1203.9	93.6175	3.070
10/31/2001	0.5031	0.5022	4.510	90.558	155861.000	95.978	1165.9	92.3997	2.490
11/30/2001	0.5219	0.5209	4.490	90.827	160998.000	96.375	1171.5	90.8671	2.090
12/31/2001	0.5095	0.5084	4.270	91.095	166941.000	96.839	1182.2	90.5942	1.820
1/31/2002	0.5077	0.5068	4.240	91.383	166137.000	97.737	1190.4	91.182	1.730
2/28/2002	0.5181	0.5170	4.240	91.637	167179.000	98.058	1190.7	91.5599	1.740
3/29/2002	0.5328	0.5317	4.230	91.875	166879.000	98.168	1193.2	93.1031	1.730
4/30/2002	0.5383	0.5371	4.240	92.089	141722.000	97.597	1185.8	92.1688	1.750
5/31/2002	0.5674	0.5660	4.440	92.305	145387.000	97.642	1189.3	92.7462	1.750
6/28/2002	0.5634	0.5619	4.720	92.514	144633.000	97.829	1192.2	96.4098	1.750
7/31/2002	0.5426	0.5412	4.750	92.695	139991.000	98.381	1199.6	91.8224	1.730
8/30/2002	0.5505	0.5491	4.750	92.904	140545.000	98.691	1185.9	95.9794	1.740
9/30/2002	0.5426	0.5411	4.750	93.120	143752.000	98.978	1194.6	95.8325	1.750
10/31/2002	0.5547	0.5533	4.750	93.274	142316.000	99.257	1203.8	94.6882	1.750
11/29/2002	0.5610	0.5594	4.750	93.557	145612.000	99.489	1209.4	93.649	1.340
12/31/2002	0.5616	0.5600	4.750	93.900	149156.000	99.688	1220.4	93.0296	1.240
1/31/2003	0.5871	0.5855	4.750	94.561	147770.000	100.119	1226.3	93.8274	1.240
2/28/2003	0.6085	0.6067	4.750	94.829	145095.000	100.052	1238.6	94.9192	1.260
3/31/2003	0.6045	0.6028	4.750	94.963	147435.000	99.754	1239.2	95.7695	1.250
4/30/2003	0.6267	0.6249	4.750	94.705	148630.000	98.680	1248.3	92.7567	1.260
5/30/2003	0.6528	0.6510	4.750	94.765	151150.000	98.326	1268.1	93.2815	1.260
6/30/2003	0.6736	0.6714	4.750	94.884	156857.000	98.150	1280.3	95.9374	1.220
7/31/2003	0.6488	0.6468	4.750	95.152	152427.000	98.311	1287.9	91.9169	1.010
8/29/2003	0.6475	0.6455	4.750	95.324	151929.000	98.367	1294.1	96.1684	1.030
9/30/2003	0.6801	0.6779	4.750	95.488	155559.000	98.477	1296.8	96.2944	1.010
10/31/2003	0.7086	0.7064	4.750	95.575	154436.000	98.746	1297.3	95.486	1.010
11/28/2003	0.7243	0.7218	4.980	95.776	157485.000	98.889	1298.2	95.1501	1.000
12/31/2003	0.7520	0.7493	5.230	96.022	160944.000	99.011	1306.9	94.9192	0.980
1/30/2004	0.7642	0.7615	5.250	96.432	161241.000	99.140	1305.3	94.9822	1.000
2/27/2004	0.7738	0.7709	5.250	96.678	159876.000	99.195	1321.9	96.5568	1.010
3/31/2004	0.7668	0.7640	5.250	96.879	158364.000	99.206	1330.5	96.7353	1.000
4/30/2004	0.7207	0.7180	5.250	96.986	158000.000	99.158	1332	94.8037	1.000
5/31/2004	0.7152	0.7126	5.250	97.135	157478.000	99.092	1331.7	96.1789	1.000
6/30/2004	0.6993	0.6968	5.250	97.276	163388.000	98.992	1342.6	98.1524	1.030
7/30/2004	0.7027	0.7002	5.250	97.351	160151.000	98.742	1340.3	95.0661	1.260
8/31/2004	0.7042	0.7019	5.250	97.522	159604.000	98.665	1353.2	98.6038	1.430
9/30/2004	0.7277	0.7255	5.250	97.731	163808.000	98.643	1361.2	98.016	1.610
10/29/2004	0.7484	0.7463	5.250	98.037	164113.000	98.705	1360.9	98.2154	1.760
11/30/2004	0.7729	0.7708	5.250	98.275	165982.000	98.772	1376.5	97.3651	1.930
12/31/2004	0.7803	0.7782	5.250	98.506	168847.000	98.871	1377.1	98.1104	2.160
1/31/2005	0.7757	0.7740	5.250	98.730	169079.000	98.856	1365.8	98.6248	2.280
2/28/2005	0.7918	0.7898	5.250	98.946	166432.000	99.132	1372.9	99.6011	2.500
3/31/2005	0.7730	0.7712	5.490	99.155	167207.000	99.552	1373	100.115	2.630
4/29/2005	0.7813	0.7796	5.500	99.296	167669.000	100.675	1357.6	98.9817	2.790
5/31/2005	0.7559	0.7542	5.500	99.535	169727.000	100.962	1365.4	99.1917	3.000
6/30/2005	0.7625	0.7611	5.500	99.810	176138.000	100.973	1378.5	102.393	3.040
7/29/2005	0.7566	0.7552	5.500	100.233	174568.000	100.252	1366.5	98.7613	3.260
8/31/2005	0.7553	0.7541	5.500	100.501	172336.000	100.053	1376.1	102.236	3.500
9/30/2005	0.7620	0.7608	5.500	100.725	176316.000	99.920	1377.5	99.7481	3.620
10/31/2005	0.7482	0.7473	5.500	100.794	174792.000	100.274	1374.7	99.7166	3.780
11/30/2005	0.7380	0.7372	5.500	101.011	177004.000	99.959	1377.9	99.7691	4.000
12/30/2005	0.7328	0.7320	5.500	101.264	182761.000	99.394	1375.3	100.808	4.160
1/31/2006	0.7582	0.7576	5.500	101.495	180836.000	97.770	1380.2	100.199	4.290
2/28/2006	0.7423	0.7417	5.500	101.868	179820.000	97.316	1380.6	100.819	4.490
3/31/2006	0.7165	0.7161	5.500	102.322	184357.000	97.219	1384.5	102.173	4.590
4/28/2006	0.7596	0.7592	5.500	103.068	184030.000	97.785	1380	99.7796	4.790
5/31/2006	0.7522	0.7518	5.730	103.530	184965.000	98.179	1386.3	101.144	4.940
6/30/2006	0.7421	0.7418	5.750	103.917	194188.000	98.705	1372.8	104.524	4.990
7/31/2006	0.7665	0.7661	5.750	104.290	191443.000	99.479	1368.5	101.564	5.240
8/31/2006	0.7638	0.7634	5.990	104.484	189953.000	100.179	1368.8	104.881	5.250
9/29/2006	0.7461	0.7456	6.000	104.558	195031.000	100.924	1361.5	103.979	5.250
10/31/2006	0.7738	0.7732	6.000	104.325	194811.000	102.409	1369.1	102.866	5.250
11/30/2006	0.7889	0.7883	6.190	104.303	200098.000	102.718	1372.4	101.785	5.250
12/29/2006	0.7885	0.7878	6.250	104.303	206756.000	102.547	1367.9	103.128	5.240
1/31/2007	0.7769	0.7763	6.250	104.176	203678.000	100.967	1374	102.477	5.250
2/28/2007	0.7879	0.7873	6.250	104.332	205865.000	100.534	1367.1	103.926	5.260
3/30/2007	0.8086	0.8079	6.250	104.623	206581.000	100.317	1369.1	104.86	5.260
4/30/2007	0.8301	0.8294	6.250	105.307	209999.000	100.606	1379.2	103.527	5.250
5/31/2007	0.8279	0.8273	6.250	105.672	207778.000	100.606	1380.8	104.451	5.250
6/29/2007	0.8494	0.8487	6.250	105.977	225970.000	100.606	1364.6	107.306	5.250
7/31/2007	0.8517	0.8509	6.250	106.103	219084.000	100.354	1368.6	104.189	5.260
8/31/2007	0.8186	0.8179	6.450	106.379	220341.000	100.543	1371.8	107.359	5.020
9/28/2007	0.8879	0.8867	6.500	106.685	224476.000	100.921	1372.4	106.96	4.940
10/31/2007	0.9341	0.9325	6.500	107.001	221389.000	101.769	1379	105.018	4.760
11/30/2007	0.8844	0.8834	6.700	107.381	226386.000	102.314	1375.5	104.598	4.490
12/31/2007	0.8751	0.8736	6.750	107.806	231330.000	102.837	1375.8	105.039	4.240
1/31/2008	0.8956	0.8929	6.750	108.305	226062.000	103.397	1381.1	104.65	3.940
2/29/2008	0.9309	0.9274	6.960	108.797	220364.000	103.831	1387	104.367	2.980
3/31/2008	0.9131	0.9096	7.220	109.311	220756.000	104.198	1389.7	104.566	2.610
4/30/2008	0.9437	0.9400	7.250	109.927	216985.000	104.617	1392.1	102.561	2.280
5/30/2008	0.9560	0.9523	7.250	110.426	216292.000	104.762	1391.5	102.267	1.980
6/30/2008	0.9586	0.9544	7.250	110.889	235098.000	104.751	1398.1	104.766	2.000
7/31/2008	0.9423	0.9385	7.250	111.503	234072.000	104.554	1415.1	102.278	2.010
8/29/2008	0.8578	0.8546	7.250	111.749	232932.000	104.253	1400	103.338	2.000
9/30/2008	0.7924	0.7917	7.020	111.816	237214.000	103.820	1459.5	98.5828	1.810
10/31/2008	0.6678	0.6658	6.180	111.395	240953.000	103.164	1472.7	98.2364	0.970
11/28/2008	0.6553	0.6543	5.330	111.336	240827.000	102.530	1518.1	96.6906	0.390
12/31/2008	0.7027	0.7002	4.350	111.328	242688.000	101.830	1594.7	95.7252	0.160
1/30/2009	0.6375	0.6361	4.250	111.384	240152.000	100.707	1573.8	93.5352	0.150
2/27/2009	0.6390	0.6376	3.350	111.473	242152.000	100.139	1562	92.4189	0.220
3/31/2009	0.6913	0.6898	3.250	111.607	239991.000	99.770	1564.2	91.4682	0.180
4/30/2009	0.7256	0.7241	3.060	111.766	239232.000	99.581	1592.7	88.6388	0.150
5/29/2009	0.8011	0.7994	3.000	112.004	244365.000	99.625	1593	88.9887	0.180
6/30/2009	0.8064	0.8044	3.000	112.302	256147.000	99.883	1641	91.4803	0.210
7/31/2009	0.8359	0.8338	3.000	112.809	246741.000	100.295	1649.9	91.0656	0.160
8/31/2009	0.8439	0.8420	3.000	113.114	249208.000	101.025	1648.3	94.1515	0.160
9/30/2009	0.8828	0.8807	3.000	113.368	252676.000	102.014	1660.9	93.4707	0.150
10/30/2009	0.8997	0.8972	3.210	113.440	250734.000	103.995	1674.6	92.8307	0.120
11/30/2009	0.9160	0.9131	3.480	113.686	251458.000	104.950	1687.6	92.8645	0.120
12/31/2009	0.8977	0.8949	3.738	113.977	251608.000	105.613	1696.4	94.1047	0.120
1/29/2010	0.8838	0.8812	3.750	114.411	246540.000	105.669	1679.8	94.9541	0.110
2/26/2010	0.8954	0.8922	3.750	114.717	246851.000	105.984	1713.7	94.5125	0.130
3/31/2010	0.9172	0.9142	3.978	114.993	247454.000	106.242	1712.2	95.4757	0.160
4/30/2010	0.9243	0.9211	4.223	115.189	246486.000	106.639	1700.6	94.2857	0.200
5/31/2010	0.8459	0.8430	4.475	115.443	243996.000	106.639	1705.2	96.1523	0.200
6/30/2010	0.8408	0.8377	4.500	115.703	250616.000	106.437	1727.4	97.2543	0.180
7/30/2010	0.9042	0.9006	4.500	116.031	251240.000	105.703	1731	98.1132	0.180
8/31/2010	0.8906	0.8871	4.500	116.262	253876.000	105.343	1751.5	98.2354	0.190
9/30/2010	0.9671	0.9635	4.500	116.4562963	260090.000	105.028	1774.5	98.5334	0.190
10/29/2010	0.9835	0.9800	4.500	116.612963	259956.000	104.759	1784.1	98.3958	0.190
