Date	Spot 	Forward	i_rates	CPI	M1	IP	M1us	IPus	i_us
12/30/1988	125.05	124.70	4.363	89.685	111.844	95.900	786.7	63.7411	8.760
1/31/1989	130.50	130.13	4.094	89.585	107.095	85.500	785.7	64.5388	9.120
2/28/1989	126.87	126.33	4.179	89.285	108.339	90.200	783.8	64.8579	9.360
3/31/1989	132.77	132.04	4.254	89.685	115.335	105.100	783	64.4632	9.850
4/28/1989	132.85	132.26	4.420	91.285	116.470	95.200	779.2	64.5304	9.840
5/31/1989	142.33	141.76	4.675	91.885	109.474	91.200	775	63.5312	9.810
6/30/1989	144.00	143.47	5.138	91.785	108.961	98.600	773.5	65.1938	9.530
7/31/1989	136.95	136.52	5.225	91.585	105.421	96.800	777.8	62.1793	9.240
8/31/1989	144.60	144.20	5.380	91.485	103.145	89.300	779.4	64.8831	8.990
9/29/1989	139.60	139.18	5.431	92.285	110.930	98.000	781	65.0006	9.020
10/31/1989	142.73	142.43	6.009	92.985	101.835	97.200	786.6	64.5892	8.840
11/30/1989	142.91	142.66	6.152	91.985	102.278	97.600	788	63.8335	8.550
12/29/1989	143.80	143.71	6.448	92.085	114.474	99.100	792.9	63.9342	8.450
1/31/1990	144.55	144.38	6.581	92.485	106.661	86.600	795.4	64.0182	8.230
2/28/1990	148.82	148.66	6.643	92.585	109.886	93.000	798.1	64.9754	8.240
3/30/1990	157.82	157.70	6.817	92.985	122.027	106.000	801.6	65.2022	8.280
4/30/1990	158.85	158.68	7.163	93.784	120.203	98.000	806.2	63.8502	8.260
5/31/1990	152.64	152.52	7.259	94.184	107.459	94.600	804.3	64.396	8.180
6/29/1990	152.35	152.25	7.365	93.884	118.165	101.100	808.9	66.3022	8.290
7/31/1990	146.13	146.08	7.524	93.684	108.620	103.000	810.1	63.9846	8.150
8/31/1990	143.93	143.96	7.543	94.084	106.160	93.200	815.6	66.1258	8.130
9/28/1990	138.27	138.27	7.763	94.784	114.857	102.300	820.1	66.6296	8.200
10/31/1990	129.95	129.95	7.811	95.784	105.239	104.600	819.8	65.7312	8.110
11/30/1990	133.10	133.12	8.077	95.684	107.068	103.200	822.1	64.0266	7.810
12/31/1990	135.75	135.82	8.230	95.584	119.628	104.200	824.7	63.0861	7.310
1/31/1991	131.45	131.56	8.054	96.184	108.647	92.700	827.2	63.464	6.910
2/28/1991	132.95	133.13	8.120	95.884	110.628	98.900	832.7	63.2793	6.250
3/29/1991	140.60	140.88	8.278	96.384	124.577	109.400	838.7	62.4983	6.120
4/30/1991	136.38	136.65	8.234	96.984	118.717	101.300	843.2	62.5487	5.910
5/31/1991	138.45	138.71	8.033	97.384	113.559	98.500	848.8	62.8342	5.780
6/28/1991	137.90	138.11	8.041	97.084	125.356	101.600	856.7	65.135	5.900
7/31/1991	137.42	137.60	7.461	96.984	115.361	105.600	861.5	62.8678	5.820
8/30/1991	136.85	137.07	7.484	97.184	119.059	92.900	866.7	65.1434	5.660
9/30/1991	132.85	133.03	7.049	97.284	117.786	102.900	870.2	65.7899	5.450
10/31/1991	130.60	130.73	6.858	98.384	117.098	102.700	878	65.3113	5.210
11/29/1991	130.08	130.28	6.383	98.584	124.182	102.300	887.6	64.1693	4.810
12/31/1991	124.90	125.02	6.310	98.084	131.044	101.600	897	63.338	4.430
1/31/1992	125.55	125.68	5.526	97.884	119.691	89.200	910.4	63.6907	4.030
2/28/1992	129.15	129.30	5.683	97.784	126.059	94.600	925.3	64.6815	4.060
3/31/1992	132.92	133.01	5.653	98.284	129.313	103.600	936.7	65.1854	3.980
4/30/1992	133.30	133.40	4.766	99.284	128.162	95.400	943.8	64.4632	3.730
5/29/1992	127.75	127.83	4.745	99.383	129.766	89.600	950.5	64.9083	3.820
6/30/1992	125.87	125.95	4.753	99.284	129.412	97.600	954.3	66.5289	3.760
7/31/1992	127.20	127.28	4.531	98.584	124.241	99.200	963.2	64.5808	3.250
8/31/1992	123.08	123.17	4.119	98.884	121.127	85.100	973.7	66.8899	3.300
9/30/1992	120.07	120.17	4.227	99.284	124.309	98.800	988.1	67.0075	3.220
10/30/1992	123.45	123.52	4.074	99.383	125.269	96.100	1003.8	67.3014	3.100
11/30/1992	124.75	124.72	3.946	99.184	124.659	93.600	1015.7	66.6716	3.090
12/31/1992	124.86	124.93	3.895	99.184	136.138	93.600	1024.9	66.2602	2.920
1/29/1993	124.73	124.78	3.900	99.084	127.714	82.900	1030.4	66.806	3.020
2/26/1993	118.25	118.28	3.276	99.184	129.665	90.700	1033.5	67.5533	3.030
3/31/1993	114.88	114.90	3.242	99.483	135.725	103.400	1038.5	67.6876	3.070
4/30/1993	111.05	111.06	3.179	100.183	133.386	91.900	1047.6	66.6128	2.960
5/31/1993	107.08	107.09	3.207	100.283	128.212	85.900	1065.9	66.5457	3.000
6/30/1993	107.30	107.31	3.214	100.183	133.831	93.700	1075.1	68.4098	3.040
7/30/1993	105.10	105.11	3.263	100.483	132.779	95.100	1084.5	66.3189	3.060
8/31/1993	104.75	104.73	3.129	100.683	125.603	83.000	1094.2	68.7373	3.030
9/30/1993	106.30	106.24	2.858	100.783	129.863	94.900	1104.2	69.1907	3.090
10/29/1993	108.60	108.54	2.508	100.683	130.567	89.900	1113	69.1823	2.990
11/30/1993	109.08	108.96	2.495	100.183	128.638	91.400	1124.2	68.6029	3.020
12/31/1993	111.85	111.76	2.442	100.283	145.615	89.800	1129.6	68.4602	2.960
1/31/1994	108.49	108.42	2.331	100.383	130.084	80.700	1131.6	69.3166	3.050
2/28/1994	104.50	104.39	2.240	100.383	133.228	86.500	1136.3	69.8457	3.250
3/31/1994	102.75	102.62	2.250	100.783	141.974	102.200	1140.3	70.509	3.340
4/29/1994	101.70	101.55	2.175	100.983	145.104	90.200	1141.1	69.7197	3.560
5/31/1994	104.78	104.57	2.090	101.083	134.496	85.000	1143.3	70.1228	4.010
6/30/1994	98.44	98.23	2.063	100.683	140.939	94.400	1145.1	72.5495	4.250
7/29/1994	100.15	99.95	2.082	100.283	140.894	94.900	1150.5	69.7617	4.260
8/31/1994	100.05	99.85	2.130	100.683	133.696	86.600	1150.6	73.0953	4.470
9/30/1994	99.15	98.92	2.189	100.983	136.349	97.000	1151.9	73.6243	4.730
10/31/1994	96.96	96.74	2.238	101.483	133.057	94.100	1150.1	73.4899	4.760
11/30/1994	98.97	98.64	2.267	101.183	135.009	96.400	1151	72.9945	5.290
12/30/1994	99.58	99.26	2.293	100.883	151.665	95.000	1150.7	73.2632	5.450
1/31/1995	99.55	99.26	2.250	100.883	137.076	84.100	1151.4	73.7161	5.530
2/28/1995	96.68	96.36	2.217	100.583	139.005	92.000	1147.4	74.4441	5.920
3/31/1995	86.55	86.20	2.189	100.483	148.016	106.400	1146.7	74.9201	5.980
4/28/1995	84.33	84.00	1.525	100.783	152.918	94.200	1149.3	72.9601	6.050
5/31/1995	84.61	84.27	1.313	100.983	142.831	88.400	1145.4	73.5668	6.010
6/30/1995	84.63	84.28	1.279	100.883	150.095	95.700	1144.2	76.1522	6.000
7/31/1995	88.44	88.04	0.947	100.383	147.333	95.300	1145.4	72.9508	5.850
8/31/1995	97.46	97.06	0.882	100.483	145.972	88.100	1145.5	76.7402	5.740
9/29/1995	99.72	99.21	0.574	101.083	155.438	96.400	1142	77.4402	5.800
10/31/1995	101.96	101.48	0.467	100.783	150.517	94.800	1137.3	76.3762	5.760
11/30/1995	102.04	101.56	0.461	100.483	153.011	96.100	1134.1	75.7788	5.800
12/29/1995	103.51	103.04	0.459	100.483	171.544	96.100	1127.4	75.6295	5.600
1/31/1996	107.04	106.59	0.466	100.383	156.435	87.500	1123.5	75.1068	5.560
2/29/1996	105.22	104.82	0.458	100.183	158.343	95.400	1118.5	76.8709	5.220
3/29/1996	107.26	106.83	0.456	100.383	174.554	103.600	1122.5	77.2162	5.310
4/30/1996	105.13	104.68	0.486	100.983	172.360	94.200	1124.8	76.1708	5.220
5/31/1996	108.07	107.63	0.469	101.183	163.994	90.600	1116.5	76.7775	5.240
6/28/1996	109.72	109.25	0.472	100.883	176.539	94.600	1115.2	79.9602	5.270
7/31/1996	106.82	106.37	0.482	100.783	166.819	101.000	1112.4	76.6002	5.400
8/30/1996	108.90	108.45	0.444	100.683	168.839	88.900	1101.6	80.2683	5.220
9/30/1996	111.39	110.87	0.468	101.083	169.819	99.800	1096.1	81.3509	5.300
10/31/1996	114.07	113.61	0.475	101.283	165.998	99.700	1086.1	80.3336	5.240
11/29/1996	113.85	113.31	0.477	100.983	174.057	99.600	1083.6	80.1656	5.310
12/31/1996	115.70	115.20	0.486	101.083	188.147	99.100	1081.6	79.9602	5.290
1/31/1997	121.30	120.83	0.484	100.983	171.292	93.200	1081.5	80.1701	5.250
2/28/1997	120.38	119.87	0.495	100.783	174.266	97.800	1078.8	81.7342	5.190
3/31/1997	123.79	123.25	0.510	100.883	184.783	110.800	1071.8	82.6895	5.390
4/30/1997	127.10	126.54	0.496	102.983	185.771	98.000	1063.8	81.8917	5.510
5/30/1997	116.32	115.83	0.486	103.183	185.279	96.400	1064	81.9756	5.500
6/30/1997	114.57	114.05	0.496	103.183	185.976	101.000	1065.7	84.4846	5.560
7/31/1997	118.55	118.04	0.493	102.783	180.304	105.000	1066.2	81.2408	5.520
8/29/1997	120.95	120.44	0.485	102.883	182.764	91.900	1074.3	85.7758	5.540
9/30/1997	120.51	119.97	0.498	103.583	180.441	104.100	1067.7	87.2454	5.540
10/31/1997	120.47	119.96	0.480	103.883	178.830	101.300	1065.5	87.13	5.500
11/28/1997	127.85	127.14	0.491	103.183	191.270	97.100	1070	87.3924	5.520
12/31/1997	130.58	130.00	0.394	102.983	204.283	98.300	1072.7	87.2769	5.500
1/30/1998	127.05	126.55	0.435	102.883	192.975	90.900	1074.4	86.941	5.560
2/27/1998	126.10	125.55	0.434	102.783	196.620	93.500	1077.9	88.0433	5.510
3/31/1998	133.07	132.45	0.431	103.183	197.986	105.600	1077.5	88.8516	5.490
4/30/1998	132.86	132.25	0.443	103.383	200.572	91.200	1076.1	86.7835	5.450
5/29/1998	138.80	138.21	0.428	103.683	199.654	86.400	1078.4	88.0747	5.490
6/30/1998	138.77	138.13	0.437	103.283	200.455	94.300	1077	89.5444	5.560
7/31/1998	144.66	144.03	0.413	102.683	195.192	96.600	1075	86.3111	5.540
8/31/1998	139.30	138.69	0.427	102.583	192.841	84.000	1074.8	91.0246	5.550
9/30/1998	136.45	135.86	0.322	103.383	194.820	96.600	1080.2	90.7621	5.510
10/30/1998	115.97	115.47	0.236	104.083	198.622	94.100	1086	91.2975	5.070
11/30/1998	122.93	122.34	0.202	103.983	198.372	91.400	1094.5	90.2897	4.830
12/31/1998	113.60	113.14	0.251	103.583	214.404	92.000	1095.8	90.1218	4.680
1/29/1999	116.33	115.92	0.225	103.083	203.758	84.100	1097.8	90.2897	4.630
2/26/1999	119.20	118.72	0.176	102.683	209.483	90.000	1097	91.14	4.760
3/31/1999	118.90	118.38	0.041	102.783	213.360	105.200	1097.8	92.5677	4.810
4/30/1999	119.47	118.98	0.031	103.283	218.682	89.700	1101.9	90.6781	4.740
5/31/1999	121.79	121.30	0.030	103.283	215.383	85.600	1102.6	91.5704	4.740
6/30/1999	121.10	120.57	0.030	102.983	221.469	94.300	1099.7	93.9534	4.760
7/30/1999	114.53	114.03	0.030	102.583	221.088	95.900	1098.7	90.3632	4.990
8/31/1999	109.72	109.20	0.030	102.883	214.959	88.000	1099	94.6357	5.070
9/30/1999	106.46	105.97	0.033	103.183	219.566	99.200	1096.3	94.2473	5.220
10/29/1999	104.10	103.60	0.025	103.383	221.595	94.800	1102.3	95.1291	5.200
11/30/1999	102.15	101.67	0.028	102.783	220.833	96.900	1111.7	94.4888	5.420
12/31/1999	102.51	101.98	0.024	102.483	239.538	96.600	1122.6	94.7302	5.300
1/31/2000	107.32	106.82	0.021	102.383	222.811	88.000	1121.9	94.6462	5.450
2/29/2000	110.32	109.78	0.035	101.983	225.872	96.600	1109.4	95.4021	5.730
3/31/2000	102.78	102.20	0.021	102.183	237.520	109.000	1108.2	97.1447	5.850
4/28/2000	108.18	107.61	0.020	102.483	244.883	94.800	1113.4	95.6015	6.020
5/31/2000	107.65	107.06	0.021	102.583	233.632	91.600	1105.8	95.864	6.270
6/30/2000	106.12	105.49	0.021	102.383	239.029	100.800	1103.3	98.9397	6.530
7/31/2000	109.43	108.76	0.021	101.983	233.390	100.200	1103	94.4153	6.540
8/31/2000	106.67	106.12	0.155	102.383	227.899	95.000	1100.3	97.9005	6.500
9/29/2000	108.14	107.51	0.250	102.183	238.073	102.600	1099	98.4464	6.520
10/31/2000	108.83	108.23	0.248	102.183	230.518	100.700	1098.6	97.5016	6.510
11/30/2000	110.38	109.81	0.248	101.883	233.100	101.000	1092.3	96.4728	6.510
12/29/2000	114.41	113.82	0.241	101.983	247.859	100.900	1087.6	96.1579	6.400
1/31/2001	116.57	116.11	0.249	101.983	235.643	90.400	1097.6	95.1501	5.980
2/28/2001	117.37	116.87	0.248	101.683	237.286	95.500	1101.5	95.0346	5.490
3/30/2001	126.33	125.76	0.107	101.483	253.305	107.400	1109.8	95.8849	5.310
4/30/2001	123.48	123.02	0.020	101.683	262.524	92.300	1114.9	92.4942	4.800
5/31/2001	119.22	118.81	0.019	101.783	251.084	89.100	1119.5	93.1241	4.210
6/29/2001	124.65	124.25	0.018	101.483	262.451	93.600	1126.4	95.2446	3.970
7/31/2001	125.00	124.59	0.013	101.183	253.882	93.900	1139.6	90.9406	3.770
8/31/2001	118.79	118.44	0.010	101.583	252.108	85.800	1149.6	94.3523	3.650
9/28/2001	119.56	119.29	0.005	101.383	263.066	91.400	1203.9	93.6175	3.070
10/31/2001	122.42	122.20	0.003	101.383	257.481	90.800	1165.9	92.3997	2.490
11/30/2001	123.48	123.26	0.002	100.883	262.795	89.200	1171.5	90.8671	2.090
12/31/2001	131.66	131.46	0.002	100.783	281.800	87.000	1182.2	90.5942	1.820
1/31/2002	134.68	134.49	0.011	100.583	274.807	81.400	1190.4	91.182	1.730
2/28/2002	133.36	133.15	0.010	100.083	285.435	86.300	1190.7	91.5599	1.740
3/29/2002	132.73	132.53	0.021	100.283	330.753	98.100	1193.2	93.1031	1.730
4/30/2002	128.54	128.34	0.015	100.583	338.925	86.900	1185.8	92.1688	1.750
5/31/2002	124.22	124.03	0.014	100.883	331.914	87.800	1189.3	92.7462	1.750
6/28/2002	119.47	119.28	0.014	100.783	340.559	91.100	1192.2	96.4098	1.750
7/31/2002	119.85	119.66	0.017	100.383	332.330	96.900	1199.6	91.8224	1.730
8/30/2002	118.46	118.28	0.019	100.683	333.103	87.000	1185.9	95.9794	1.740
9/30/2002	121.81	121.61	0.005	100.683	329.719	96.000	1194.6	95.8325	1.750
10/31/2002	122.48	122.31	0.002	100.483	330.702	95.400	1203.8	94.6882	1.750
11/29/2002	122.54	122.36	0.002	100.483	339.329	94.000	1209.4	93.649	1.340
12/31/2002	118.79	118.65	0.002	100.483	347.977	92.900	1220.4	93.0296	1.240
1/31/2003	119.87	119.74	0.002	100.183	337.469	87.900	1226.3	93.8274	1.240
2/28/2003	118.10	117.97	0.001	99.883	340.865	91.300	1238.6	94.9192	1.260
3/31/2003	118.09	117.95	0.002	100.183	349.666	103.200	1239.2	95.7695	1.250
4/30/2003	118.88	118.74	0.001	100.483	438.864	90.400	1248.3	92.7567	1.260
5/30/2003	119.30	119.16	0.001	100.683	437.590	89.300	1268.1	93.2815	1.260
6/30/2003	119.80	119.66	0.001	100.383	439.748	94.300	1280.3	95.9374	1.220
7/31/2003	120.55	120.43	0.002	100.183	434.746	96.700	1287.9	91.9169	1.010
8/29/2003	116.92	116.81	0.001	100.383	438.805	85.000	1294.1	96.1684	1.030
9/30/2003	111.49	111.37	0.002	100.483	436.117	99.300	1296.8	96.2944	1.010
10/31/2003	109.94	109.84	0.001	100.483	435.156	98.900	1297.3	95.486	1.010
11/28/2003	109.63	109.50	0.001	99.983	441.001	95.900	1298.2	95.1501	1.000
12/31/2003	107.22	107.12	0.001	100.083	451.826	97.500	1306.9	94.9192	0.980
1/30/2004	105.71	105.62	0.000	99.883	442.977	91.100	1305.3	94.9822	1.000
2/27/2004	109.11	109.01	0.001	99.883	447.030	95.700	1321.9	96.5568	1.010
3/31/2004	104.22	104.12	0.001	100.083	452.865	110.300	1330.5	96.7353	1.000
4/30/2004	110.52	110.41	0.000	100.083	457.107	96.600	1332	94.8037	1.000
5/31/2004	109.51	109.40	0.001	100.183	449.551	91.000	1331.7	96.1789	1.000
6/30/2004	108.77	108.64	0.001	100.383	457.734	101.800	1342.6	98.1524	1.030
7/30/2004	111.35	111.21	0.000	100.083	456.798	102.700	1340.3	95.0661	1.260
8/31/2004	109.17	109.01	0.001	100.183	452.004	92.300	1353.2	98.6038	1.430
9/30/2004	110.05	109.88	0.001	100.483	454.674	103.700	1361.2	98.016	1.610
10/29/2004	105.81	105.63	0.001	100.983	458.120	98.000	1360.9	98.2154	1.760
11/30/2004	103.07	102.85	0.001	100.783	455.093	100.900	1376.5	97.3651	1.930
12/31/2004	102.63	102.41	0.001	100.283	470.910	99.200	1377.1	98.1104	2.160
1/31/2005	103.70	103.49	0.001	100.083	459.024	92.900	1365.8	98.6248	2.280
2/28/2005	104.63	104.37	0.001	99.783	463.736	97.700	1372.9	99.6011	2.500
3/31/2005	107.15	106.88	0.002	100.083	473.394	112.100	1373	100.115	2.630
4/29/2005	104.75	104.47	0.001	100.183	481.275	97.200	1357.6	98.9817	2.790
5/31/2005	108.57	108.26	0.001	100.283	469.630	92.600	1365.4	99.1917	3.000
6/30/2005	110.92	110.61	0.001	99.883	477.950	102.800	1378.5	102.393	3.040
7/29/2005	112.50	112.16	0.001	99.783	477.629	100.000	1366.5	98.7613	3.260
8/31/2005	110.60	110.25	0.001	99.883	473.697	93.700	1376.1	102.236	3.500
9/30/2005	113.51	113.14	0.001	100.183	478.626	104.400	1377.5	99.7481	3.620
10/31/2005	116.40	116.01	0.001	100.183	476.246	99.900	1374.7	99.7166	3.780
11/30/2005	119.81	119.34	0.001	99.783	477.865	103.900	1377.9	99.7691	4.000
12/30/2005	117.75	117.30	0.001	99.883	495.143	103.000	1375.3	100.808	4.160
1/31/2006	117.20	116.79	0.001	99.983	483.377	95.000	1380.2	100.199	4.290
2/28/2006	115.77	115.30	0.001	99.683	486.987	100.800	1380.6	100.819	4.490
3/31/2006	117.78	117.25	0.002	99.883	494.181	114.700	1384.5	102.173	4.590
4/28/2006	113.83	113.34	0.002	100.083	502.433	101.100	1380	99.7796	4.790
5/31/2006	112.64	112.16	0.020	100.383	488.526	96.400	1386.3	101.144	4.940
6/30/2006	114.44	113.91	0.036	100.383	494.816	107.100	1372.8	104.524	4.990
7/31/2006	114.68	114.14	0.155	100.083	487.883	104.900	1368.5	101.564	5.240
8/31/2006	117.40	116.92	0.250	100.783	484.108	99.000	1368.8	104.881	5.250
9/29/2006	118.18	117.63	0.261	100.783	486.834	108.900	1361.5	103.979	5.250
10/31/2006	116.97	116.46	0.254	100.583	482.299	107.200	1369.1	102.866	5.250
11/30/2006	115.80	115.31	0.257	100.083	480.717	109.100	1372.4	101.785	5.250
12/29/2006	119.05	118.56	0.255	100.183	495.284	108.100	1367.9	103.128	5.240
1/31/2007	120.70	120.24	0.267	99.983	484.778	99.000	1374	102.477	5.250
2/28/2007	118.56	118.09	0.357	99.483	489.321	103.500	1367.1	103.926	5.260
3/30/2007	117.83	117.31	0.509	99.783	497.147	116.900	1369.1	104.86	5.260
4/30/2007	119.52	119.01	0.511	100.083	502.132	102.100	1379.2	103.527	5.250
5/31/2007	121.73	121.24	0.521	100.383	488.510	101.000	1380.8	104.451	5.250
6/29/2007	123.17	122.68	0.510	100.183	498.779	108.500	1364.6	107.306	5.250
7/31/2007	118.61	118.10	0.499	100.083	486.329	108.100	1368.6	104.189	5.260
8/31/2007	115.77	115.28	0.485	100.583	482.679	103.500	1371.8	107.359	5.020
9/28/2007	114.81	114.38	0.510	100.583	486.869	109.500	1372.4	106.96	4.940
10/31/2007	115.43	115.02	0.506	100.883	485.611	112.700	1379	105.018	4.760
11/30/2007	111.24	110.81	0.500	100.683	483.641	112.600	1375.5	104.598	4.490
12/31/2007	111.75	111.37	0.497	100.883	498.684	109.800	1375.8	105.039	4.240
1/31/2008	106.44	106.22	0.502	100.683	485.560	102.200	1381.1	104.65	3.940
2/29/2008	103.74	103.54	0.504	100.483	487.801	109.200	1387	104.367	2.980
3/31/2008	99.69	99.50	0.511	100.983	492.399	116.100	1389.7	104.566	2.610
4/30/2008	103.91	103.71	0.506	100.883	496.032	103.800	1392.1	102.561	2.280
5/30/2008	105.52	105.35	0.504	101.683	490.521	101.900	1391.5	102.267	1.980
6/30/2008	106.21	106.02	0.509	102.183	495.228	108.300	1398.1	104.766	2.000
7/31/2008	107.91	107.72	0.503	102.383	484.062	110.900	1415.1	102.278	2.010
8/29/2008	108.80	108.62	0.504	102.683	485.868	96.200	1400	103.338	2.000
9/30/2008	106.11	105.57	0.495	102.683	481.511	109.700	1459.5	98.5828	1.810
10/31/2008	98.46	98.36	0.487	102.583	480.476	105.500	1472.7	98.2364	0.970
11/28/2008	95.52	95.37	0.301	101.683	483.737	94.500	1518.1	96.6906	0.390
12/31/2008	90.64	90.59	0.211	101.283	493.922	87.700	1594.7	95.7252	0.160
1/30/2009	89.92	89.87	0.120	100.683	484.877	71.800	1573.8	93.5352	0.150
2/27/2009	97.57	97.52	0.111	100.383	491.295	68.100	1562	92.4189	0.220
3/31/2009	98.96	98.92	0.100	100.683	495.192	78.000	1564.2	91.4682	0.180
4/30/2009	98.63	98.59	0.104	100.783	497.537	72.600	1592.7	88.6388	0.150
5/29/2009	95.34	95.31	0.102	100.583	493.375	73.200	1593	88.9887	0.180
6/30/2009	96.36	96.32	0.104	100.383	497.693	84.500	1641	91.4803	0.210
7/31/2009	94.68	94.65	0.102	100.083	485.488	86.700	1649.9	91.0656	0.160
8/31/2009	93.12	93.10	0.106	100.383	485.953	79.100	1648.3	94.1515	0.160
9/30/2009	89.70	89.68	0.102	100.383	486.339	90.900	1660.9	93.4707	0.150
10/30/2009	90.09	90.08	0.106	99.983	487.839	90.700	1674.6	92.8307	0.120
11/30/2009	86.41	86.40	0.105	99.783	485.511	91.800	1687.6	92.8645	0.120
12/31/2009	93.02	93.01	0.101	99.583	498.858	93.200	1696.4	94.1047	0.120
1/29/2010	90.27	90.26	0.096	99.383	489.568	84.700	1679.8	94.9541	0.110
2/26/2010	88.97	88.96	0.101	99.284	495.856	88.600	1713.7	94.5125	0.130
3/31/2010	93.47	93.45	0.097	99.583	501.352	101.800	1712.2	95.4757	0.160
4/30/2010	93.85	93.82	0.093	99.583	506.059	90.700	1700.6	94.2857	0.200
5/31/2010	91.26	91.22	0.091	99.683	499.071	87.500	1705.2	96.1523	0.200
6/30/2010	88.43	88.39	0.095	99.683	506.499	98.700	1727.4	97.2543	0.180
7/30/2010	86.47	86.45	0.094	99.184	499.446	98.100	1731	98.1132	0.180
8/31/2010	84.20	84.17	0.095	99.483	496.869	89.800	1751.5	98.2354	0.190
9/30/2010	83.53	83.51	0.091	99.783	501.084	101.200	1774.5	98.5334	0.190
10/29/2010	80.40	80.38	0.091	100.183	502.728	94.600	1784.1	98.3958	0.190
